1 2
1 3
1 4
1 5
1 6
1 7
1 8
1 9
1 10
1 11
1 12
1 13
1 14
1 15
1 16
1 17
1 18
1 19
1 20
1 21
1 22
1 23
1 24
1 25
1 26
1 27
1 28
1 29
1 30
1 32
1 33
1 34
1 35
1 36
1 37
1 38
1 39
1 40
1 41
1 42
1 43
1 44
1 45
1 46
1 47
1 48
1 49
1 50
1 51
1 52
1 53
1 54
1 55
1 56
1 57
1 59
1 60
1 63
1 64
1 65
1 66
1 67
1 69
1 71
1 72
1 73
1 74
1 75
1 76
1 77
1 78
1 79
1 81
1 82
1 83
1 84
1 85
1 86
1 87
1 88
1 89
1 90
1 91
1 92
1 93
1 95
1 96
1 97
1 98
1 99
1 100
2 3
2 4
2 5
2 7
2 8
2 9
2 10
2 12
2 16
2 17
2 18
2 19
2 20
2 21
2 22
2 23
2 24
2 25
2 26
2 27
2 28
2 29
2 30
2 32
2 33
2 34
2 35
2 36
2 37
2 38
2 39
2 40
2 41
2 42
2 43
2 44
2 45
2 46
2 47
2 49
2 50
2 51
2 52
2 53
2 54
2 57
2 58
2 59
2 60
2 61
2 62
2 63
2 64
2 65
2 66
2 67
2 68
2 69
2 70
2 74
2 75
2 76
2 77
2 78
2 79
2 81
2 82
2 83
2 84
2 85
2 86
2 88
2 89
2 90
2 91
2 93
2 94
2 95
2 96
2 98
2 99
2 100
3 4
3 7
3 9
3 10
3 12
3 14
3 17
3 19
3 21
3 22
3 24
3 25
3 27
3 28
3 30
3 31
3 33
3 35
3 37
3 39
3 40
3 42
3 44
3 48
3 50
3 52
3 53
3 59
3 60
3 62
3 63
3 65
3 66
3 69
3 71
3 72
3 74
3 76
3 77
3 78
3 80
3 82
3 83
3 85
3 86
3 88
3 90
3 92
3 94
3 96
3 98
3 99
4 5
4 7
4 8
4 10
4 11
4 13
4 14
4 15
4 16
4 17
4 19
4 20
4 22
4 24
4 26
4 27
4 28
4 29
4 30
4 32
4 33
4 34
4 35
4 36
4 37
4 38
4 39
4 40
4 41
4 43
4 44
4 45
4 46
4 47
4 48
4 50
4 51
4 53
4 54
4 56
4 58
4 59
4 60
4 61
4 62
4 63
4 64
4 66
4 67
4 68
4 69
4 70
4 71
4 72
4 73
4 74
4 76
4 77
4 78
4 79
4 80
4 82
4 84
4 85
4 86
4 88
4 89
4 91
4 92
4 94
4 95
4 96
4 97
4 98
4 99
4 100
5 6
5 9
5 10
5 12
5 14
5 15
5 17
5 21
5 22
5 24
5 25
5 27
5 28
5 31
5 33
5 35
5 37
5 39
5 42
5 44
5 46
5 48
5 50
5 52
5 53
5 55
5 57
5 59
5 60
5 62
5 63
5 65
5 66
5 68
5 69
5 71
5 72
5 74
5 76
5 77
5 80
5 82
5 83
5 85
5 86
5 90
5 92
5 99
6 7
6 8
6 9
6 10
6 11
6 12
6 13
6 14
6 15
6 16
6 17
6 18
6 19
6 20
6 21
6 22
6 23
6 24
6 25
6 26
6 27
6 28
6 29
6 30
6 31
6 34
6 36
6 37
6 38
6 39
6 40
6 41
6 42
6 43
6 45
6 46
6 47
6 48
6 49
6 50
6 51
6 52
6 53
6 54
6 55
6 56
6 57
6 58
6 59
6 62
6 64
6 65
6 66
6 67
6 68
6 69
6 71
6 72
6 73
6 74
6 75
6 76
6 77
6 78
6 79
6 80
6 83
6 84
6 85
6 88
6 89
6 90
6 93
6 95
6 97
6 98
6 99
7 8
7 9
7 10
7 11
7 12
7 13
7 14
7 15
7 16
7 17
7 19
7 20
7 21
7 22
7 23
7 24
7 25
7 26
7 27
7 28
7 29
7 30
7 31
7 33
7 34
7 35
7 36
7 37
7 38
7 39
7 40
7 41
7 43
7 44
7 47
7 48
7 50
7 52
7 53
7 55
7 56
7 57
7 58
7 59
7 60
7 61
7 62
7 63
7 64
7 65
7 66
7 67
7 69
7 70
7 71
7 72
7 73
7 74
7 75
7 76
7 77
7 78
7 79
7 80
7 81
7 82
7 83
7 84
7 85
7 86
7 87
7 88
7 90
7 91
7 92
7 93
7 95
7 97
7 98
7 100
8 9
8 10
8 12
8 14
8 15
8 17
8 19
8 21
8 22
8 24
8 25
8 27
8 30
8 31
8 33
8 35
8 37
8 40
8 42
8 44
8 46
8 48
8 52
8 53
8 55
8 57
8 59
8 60
8 62
8 63
8 65
8 66
8 68
8 69
8 72
8 76
8 77
8 78
8 80
8 82
8 83
8 85
8 86
8 88
8 90
8 92
8 96
8 99
9 10
9 11
9 12
9 13
9 15
9 17
9 18
9 19
9 20
9 22
9 23
9 24
9 25
9 26
9 28
9 29
9 30
9 31
9 33
9 34
9 35
9 36
9 37
9 38
9 39
9 40
9 42
9 43
9 44
9 45
9 46
9 47
9 48
9 49
9 50
9 51
9 52
9 54
9 56
9 57
9 58
9 60
9 61
9 62
9 63
9 64
9 65
9 66
9 67
9 68
9 69
9 70
9 73
9 74
9 75
9 76
9 77
9 79
9 80
9 81
9 82
9 83
9 86
9 87
9 89
9 90
9 91
9 92
9 93
9 94
9 95
9 97
9 98
9 99
9 100
10 11
10 12
10 13
10 14
10 18
10 19
10 20
10 21
10 22
10 23
10 24
10 25
10 26
10 27
10 28
10 29
10 30
10 31
10 32
10 33
10 34
10 35
10 36
10 37
10 38
10 39
10 40
10 41
10 42
10 43
10 45
10 46
10 47
10 48
10 51
10 52
10 53
10 54
10 55
10 56
10 57
10 58
10 59
10 61
10 62
10 63
10 64
10 65
10 66
10 67
10 69
10 70
10 71
10 72
10 73
10 74
10 75
10 76
10 79
10 80
10 81
10 82
10 83
10 85
10 86
10 87
10 89
10 90
10 91
10 92
10 96
10 97
10 99
10 100
11 12
11 14
11 15
11 17
11 19
11 21
11 22
11 24
11 25
11 27
11 28
11 30
11 31
11 33
11 35
11 37
11 39
11 40
11 42
11 44
11 46
11 48
11 50
11 52
11 53
11 55
11 57
11 59
11 60
11 62
11 63
11 65
11 66
11 68
11 69
11 71
11 72
11 74
11 76
11 77
11 78
11 80
11 82
11 83
11 85
11 86
11 88
11 90
11 94
11 98
11 99
12 13
12 14
12 15
12 16
12 17
12 18
12 19
12 20
12 21
12 22
12 24
12 25
12 26
12 27
12 28
12 29
12 30
12 31
12 32
12 34
12 35
12 36
12 37
12 38
12 40
12 41
12 42
12 43
12 45
12 46
12 48
12 50
12 51
12 52
12 53
12 54
12 55
12 56
12 57
12 58
12 59
12 60
12 61
12 62
12 63
12 64
12 65
12 66
12 67
12 69
12 70
12 71
12 72
12 73
12 74
12 75
12 76
12 77
12 78
12 79
12 82
12 83
12 84
12 85
12 87
12 88
12 89
12 90
12 91
12 92
12 94
12 95
12 97
12 98
12 99
12 100
13 14
13 15
13 19
13 21
13 22
13 24
13 25
13 27
13 30
13 31
13 33
13 35
13 39
13 40
13 44
13 46
13 48
13 50
13 52
13 53
13 55
13 57
13 59
13 60
13 62
13 63
13 65
13 66
13 68
13 71
13 72
13 74
13 76
13 77
13 78
13 80
13 83
13 85
13 86
13 88
13 92
13 94
13 96
13 98
13 99
14 15
14 16
14 17
14 18
14 19
14 20
14 21
14 22
14 23
14 24
14 25
14 26
14 27
14 29
14 30
14 31
14 33
14 34
14 35
14 36
14 37
14 38
14 39
14 40
14 41
14 42
14 44
14 46
14 47
14 49
14 50
14 51
14 52
14 54
14 56
14 58
14 59
14 60
14 61
14 63
14 64
14 65
14 67
14 68
14 69
14 70
14 74
14 75
14 76
14 77
14 78
14 79
14 80
14 83
14 84
14 85
14 86
14 87
14 88
14 89
14 90
14 91
14 93
14 94
14 95
14 96
14 98
14 99
14 100
15 16
15 17
15 18
15 19
15 20
15 23
15 24
15 25
15 26
15 27
15 28
15 29
15 30
15 31
15 32
15 34
15 35
15 36
15 37
15 38
15 39
15 40
15 42
15 43
15 45
15 46
15 47
15 49
15 52
15 53
15 54
15 55
15 57
15 59
15 61
15 62
15 63
15 65
15 66
15 68
15 70
15 71
15 72
15 73
15 74
15 75
15 76
15 78
15 79
15 80
15 81
15 83
15 85
15 86
15 87
15 88
15 89
15 91
15 92
15 93
15 94
15 95
15 96
15 97
15 98
15 99
15 100
16 17
16 19
16 21
16 22
16 24
16 25
16 27
16 28
16 31
16 33
16 35
16 37
16 39
16 40
16 42
16 44
16 48
16 52
16 55
16 59
16 60
16 62
16 63
16 65
16 66
16 68
16 69
16 71
16 72
16 74
16 76
16 77
16 78
16 80
16 83
16 85
16 86
16 88
16 90
16 94
16 96
16 99
17 18
17 21
17 22
17 24
17 25
17 26
17 27
17 28
17 31
17 32
17 33
17 34
17 35
17 37
17 38
17 39
17 40
17 41
17 42
17 43
17 45
17 46
17 48
17 49
17 50
17 51
17 53
17 54
17 55
17 56
17 57
17 58
17 59
17 60
17 62
17 63
17 64
17 65
17 66
17 67
17 68
17 69
17 70
17 71
17 73
17 75
17 76
17 77
17 78
17 81
17 82
17 83
17 84
17 85
17 86
17 87
17 88
17 89
17 90
17 91
17 92
17 93
17 94
17 95
17 97
17 98
17 99
18 19
18 21
18 22
18 24
18 25
18 27
18 28
18 31
18 33
18 35
18 37
18 39
18 40
18 42
18 44
18 48
18 50
18 52
18 53
18 55
18 57
18 59
18 62
18 63
18 65
18 66
18 68
18 69
18 71
18 72
18 74
18 76
18 77
18 78
18 82
18 83
18 85
18 86
18 88
18 94
18 96
18 98
18 99
19 20
19 21
19 22
19 25
19 26
19 27
19 28
19 29
19 30
19 31
19 32
19 33
19 35
19 36
19 37
19 39
19 40
19 41
19 42
19 43
19 44
19 45
19 46
19 47
19 48
19 49
19 50
19 51
19 52
19 53
19 54
19 55
19 56
19 57
19 58
19 59
19 61
19 62
19 63
19 64
19 65
19 66
19 67
19 68
19 69
19 70
19 71
19 72
19 73
19 74
19 75
19 76
19 77
19 78
19 80
19 81
19 82
19 83
19 84
19 85
19 86
19 88
19 89
19 90
19 91
19 94
19 95
19 97
19 99
19 100
20 24
20 25
20 28
20 30
20 31
20 33
20 35
20 37
20 39
20 40
20 42
20 44
20 46
20 48
20 50
20 52
20 53
20 55
20 57
20 60
20 62
20 63
20 65
20 66
20 68
20 69
20 71
20 72
20 74
20 77
20 78
20 82
20 83
20 85
20 86
20 88
20 90
20 92
20 94
20 96
20 98
20 99
21 22
21 23
21 24
21 25
21 26
21 27
21 28
21 29
21 30
21 31
21 32
21 33
21 34
21 36
21 37
21 38
21 39
21 40
21 41
21 42
21 44
21 45
21 47
21 48
21 49
21 50
21 52
21 54
21 55
21 57
21 59
21 60
21 61
21 62
21 63
21 64
21 65
21 66
21 68
21 69
21 70
21 71
21 72
21 73
21 74
21 75
21 76
21 77
21 78
21 79
21 80
21 81
21 82
21 84
21 85
21 86
21 87
21 88
21 89
21 90
21 91
21 92
21 93
21 95
21 96
21 97
21 98
21 99
21 100
22 23
22 24
22 25
22 26
22 28
22 29
22 30
22 31
22 32
22 33
22 34
22 35
22 36
22 37
22 38
22 40
22 42
22 43
22 44
22 45
22 46
22 49
22 50
22 51
22 52
22 53
22 54
22 55
22 56
22 57
22 58
22 59
22 60
22 61
22 62
22 63
22 64
22 65
22 66
22 67
22 68
22 69
22 70
22 72
22 73
22 74
22 76
22 77
22 78
22 79
22 80
22 81
22 83
22 84
22 85
22 86
22 87
22 88
22 89
22 90
22 91
22 92
22 93
22 94
22 95
22 96
22 97
22 98
22 99
23 24
23 27
23 28
23 30
23 31
23 33
23 35
23 37
23 39
23 40
23 44
23 48
23 52
23 53
23 57
23 59
23 60
23 62
23 65
23 66
23 68
23 69
23 71
23 72
23 74
23 76
23 77
23 78
23 82
23 83
23 88
23 90
23 92
23 94
23 96
23 99
24 25
24 26
24 27
24 29
24 30
24 31
24 33
24 34
24 36
24 37
24 38
24 39
24 40
24 41
24 42
24 43
24 44
24 45
24 47
24 48
24 49
24 50
24 51
24 52
24 54
24 55
24 56
24 57
24 58
24 59
24 61
24 63
24 64
24 65
24 66
24 67
24 68
24 69
24 70
24 72
24 73
24 74
24 75
24 76
24 77
24 78
24 79
24 81
24 82
24 83
24 86
24 87
24 88
24 89
24 90
24 91
24 93
24 95
24 96
24 98
24 99
24 100
25 26
25 28
25 29
25 30
25 31
25 32
25 33
25 35
25 36
25 38
25 39
25 40
25 42
25 43
25 44
25 45
25 46
25 47
25 48
25 49
25 50
25 51
25 52
25 53
25 54
25 55
25 56
25 57
25 59
25 60
25 62
25 63
25 64
25 65
25 67
25 68
25 69
25 70
25 72
25 74
25 75
25 76
25 78
25 80
25 81
25 82
25 83
25 84
25 85
25 86
25 87
25 88
25 89
25 90
25 91
25 93
25 94
25 95
25 96
25 97
25 98
25 99
25 100
26 28
26 33
26 35
26 37
26 39
26 40
26 42
26 44
26 46
26 48
26 50
26 53
26 57
26 62
26 63
26 66
26 68
26 69
26 71
26 72
26 74
26 76
26 78
26 80
26 83
26 85
26 86
26 88
26 90
26 92
26 96
26 98
26 99
27 28
27 29
27 31
27 33
27 34
27 35
27 36
27 39
27 40
27 42
27 45
27 46
27 47
27 48
27 49
27 51
27 52
27 53
27 54
27 55
27 56
27 57
27 58
27 59
27 61
27 62
27 63
27 65
27 66
27 68
27 69
27 70
27 71
27 73
27 74
27 75
27 76
27 77
27 79
27 80
27 81
27 82
27 83
27 84
27 86
27 87
27 88
27 90
27 91
27 92
27 93
27 94
27 95
27 96
27 97
27 99
27 100
28 29
28 30
28 31
28 32
28 33
28 36
28 37
28 38
28 39
28 41
28 42
28 43
28 44
28 45
28 47
28 48
28 49
28 50
28 51
28 52
28 53
28 54
28 55
28 56
28 57
28 58
28 59
28 60
28 61
28 62
28 63
28 65
28 66
28 67
28 69
28 70
28 71
28 74
28 76
28 78
28 79
28 80
28 82
28 83
28 84
28 86
28 88
28 91
28 92
28 93
28 94
28 96
28 97
28 98
28 99
28 100
29 31
29 33
29 35
29 39
29 42
29 44
29 46
29 50
29 53
29 57
29 60
29 62
29 63
29 65
29 66
29 68
29 69
29 71
29 74
29 78
29 80
29 82
29 83
29 85
29 86
29 88
29 94
29 96
29 98
29 99
30 31
30 32
30 33
30 34
30 35
30 36
30 37
30 38
30 39
30 40
30 42
30 43
30 44
30 45
30 46
30 47
30 49
30 51
30 53
30 54
30 55
30 57
30 58
30 59
30 60
30 61
30 62
30 63
30 64
30 66
30 67
30 68
30 69
30 70
30 72
30 73
30 74
30 75
30 77
30 80
30 81
30 82
30 83
30 84
30 85
30 86
30 87
30 89
30 91
30 92
30 93
30 94
30 95
30 96
30 97
30 98
30 100
31 32
31 33
31 34
31 35
31 36
31 37
31 39
31 40
31 41
31 42
31 43
31 45
31 46
31 47
31 48
31 49
31 51
31 52
31 53
31 54
31 55
31 57
31 58
31 59
31 60
31 64
31 65
31 66
31 67
31 69
31 70
31 71
31 72
31 73
31 74
31 75
31 76
31 77
31 78
31 79
31 80
31 82
31 83
31 84
31 85
31 86
31 87
31 91
31 92
31 93
31 94
31 95
31 96
31 97
31 98
31 99
31 100
32 33
32 35
32 37
32 39
32 40
32 42
32 44
32 46
32 48
32 50
32 52
32 53
32 59
32 60
32 63
32 65
32 68
32 69
32 71
32 72
32 76
32 77
32 78
32 82
32 83
32 85
32 86
32 88
32 90
32 94
32 96
32 98
32 99
33 34
33 35
33 36
33 38
33 39
33 41
33 42
33 43
33 44
33 46
33 47
33 49
33 50
33 51
33 52
33 53
33 54
33 57
33 64
33 65
33 67
33 68
33 69
33 70
33 71
33 72
33 74
33 75
33 76
33 77
33 79
33 80
33 81
33 82
33 83
33 85
33 86
33 87
33 89
33 90
33 91
33 92
33 93
33 94
33 96
33 97
33 98
33 99
33 100
34 35
34 37
34 39
34 40
34 42
34 44
34 50
34 52
34 53
34 55
34 57
34 59
34 60
34 62
34 63
34 65
34 66
34 68
34 69
34 72
34 74
34 76
34 77
34 80
34 82
34 83
34 85
34 86
34 88
34 90
34 92
34 94
34 96
34 98
34 99
35 36
35 37
35 38
35 40
35 41
35 42
35 43
35 44
35 45
35 47
35 48
35 49
35 50
35 51
35 52
35 53
35 54
35 55
35 56
35 57
35 58
35 60
35 62
35 63
35 64
35 65
35 66
35 67
35 68
35 69
35 70
35 71
35 72
35 73
35 74
35 75
35 76
35 77
35 78
35 79
35 80
35 81
35 82
35 83
35 84
35 85
35 86
35 87
35 88
35 89
35 90
35 91
35 92
35 93
35 94
35 95
35 96
35 97
35 98
35 100
36 37
36 39
36 40
36 42
36 44
36 46
36 50
36 52
36 53
36 55
36 57
36 59
36 60
36 62
36 63
36 65
36 66
36 68
36 69
36 71
36 72
36 74
36 76
36 77
36 80
36 82
36 83
36 86
36 88
36 90
36 92
36 94
36 96
36 98
36 99
37 38
37 39
37 40
37 41
37 42
37 43
37 44
37 45
37 46
37 47
37 48
37 49
37 50
37 51
37 52
37 53
37 54
37 55
37 56
37 57
37 58
37 59
37 60
37 61
37 62
37 64
37 65
37 66
37 67
37 68
37 69
37 70
37 71
37 73
37 74
37 75
37 76
37 78
37 79
37 80
37 81
37 82
37 83
37 84
37 85
37 86
37 87
37 88
37 89
37 90
37 91
37 92
37 93
37 94
37 97
37 99
37 100
38 39
38 40
38 42
38 44
38 46
38 48
38 52
38 53
38 55
38 57
38 59
38 60
38 62
38 63
38 65
38 66
38 68
38 71
38 72
38 74
38 77
38 82
38 83
38 86
38 88
38 90
38 92
38 94
38 96
38 98
38 99
39 40
39 41
39 42
39 44
39 45
39 46
39 47
39 49
39 50
39 52
39 53
39 54
39 55
39 56
39 57
39 59
39 60
39 61
39 62
39 63
39 65
39 66
39 67
39 68
39 69
39 70
39 71
39 72
39 74
39 76
39 77
39 78
39 79
39 81
39 82
39 83
39 84
39 86
39 88
39 89
39 91
39 92
39 93
39 94
39 95
39 96
39 97
39 98
39 99
39 100
40 41
40 42
40 44
40 46
40 47
40 49
40 50
40 51
40 52
40 54
40 55
40 56
40 59
40 61
40 62
40 63
40 64
40 65
40 66
40 67
40 68
40 69
40 70
40 71
40 72
40 73
40 74
40 75
40 77
40 78
40 79
40 80
40 81
40 83
40 84
40 85
40 86
40 87
40 88
40 89
40 91
40 92
40 94
40 95
40 96
40 97
40 98
40 99
40 100
41 42
41 46
41 48
41 50
41 52
41 53
41 55
41 59
41 60
41 62
41 63
41 65
41 66
41 68
41 69
41 71
41 76
41 77
41 78
41 80
41 82
41 83
41 85
41 86
41 88
41 90
41 94
41 96
41 98
41 99
42 43
42 46
42 47
42 48
42 50
42 51
42 52
42 54
42 55
42 56
42 57
42 58
42 59
42 61
42 62
42 63
42 64
42 66
42 67
42 69
42 73
42 75
42 76
42 77
42 78
42 79
42 80
42 81
42 82
42 83
42 84
42 86
42 88
42 89
42 91
42 92
42 93
42 94
42 95
42 96
42 97
42 99
42 100
43 44
43 46
43 48
43 50
43 52
43 53
43 59
43 62
43 63
43 65
43 66
43 68
43 69
43 72
43 74
43 76
43 77
43 78
43 80
43 82
43 83
43 85
43 86
43 90
43 92
43 94
43 96
43 98
43 99
44 45
44 46
44 47
44 48
44 49
44 50
44 52
44 53
44 54
44 55
44 56
44 57
44 58
44 59
44 60
44 61
44 63
44 64
44 65
44 66
44 67
44 68
44 69
44 70
44 71
44 73
44 74
44 75
44 76
44 77
44 79
44 80
44 82
44 83
44 84
44 85
44 87
44 88
44 90
44 91
44 92
44 93
44 94
44 95
44 96
44 97
44 98
44 99
45 46
45 48
45 50
45 52
45 53
45 57
45 59
45 60
45 62
45 63
45 65
45 66
45 69
45 71
45 72
45 74
45 77
45 78
45 80
45 82
45 83
45 85
45 86
45 88
45 90
45 92
45 94
45 98
45 99
46 47
46 48
46 49
46 50
46 51
46 52
46 53
46 54
46 55
46 56
46 58
46 59
46 60
46 61
46 62
46 63
46 64
46 66
46 67
46 68
46 70
46 72
46 73
46 74
46 75
46 76
46 78
46 79
46 82
46 83
46 84
46 85
46 86
46 87
46 88
46 89
46 90
46 91
46 92
46 93
46 94
46 95
46 96
46 98
46 99
46 100
47 48
47 50
47 53
47 55
47 57
47 59
47 60
47 62
47 63
47 65
47 66
47 68
47 69
47 71
47 74
47 76
47 77
47 78
47 80
47 82
47 85
47 86
47 88
47 92
47 96
47 98
47 99
48 49
48 50
48 52
48 53
48 54
48 55
48 56
48 58
48 64
48 66
48 67
48 68
48 69
48 70
48 71
48 72
48 74
48 75
48 76
48 77
48 78
48 79
48 82
48 83
48 84
48 85
48 86
48 87
48 88
48 89
48 90
48 91
48 92
48 94
48 95
48 96
48 97
48 98
48 99
48 100
49 50
49 53
49 55
49 59
49 60
49 62
49 65
49 66
49 68
49 69
49 71
49 72
49 76
49 78
49 80
49 82
49 85
49 86
49 88
49 90
49 92
49 94
49 99
50 51
50 52
50 54
50 55
50 57
50 58
50 59
50 60
50 61
50 62
50 63
50 65
50 66
50 67
50 68
50 69
50 70
50 71
50 72
50 74
50 75
50 76
50 77
50 78
50 79
50 80
50 81
50 82
50 83
50 84
50 85
50 86
50 87
50 88
50 89
50 90
50 91
50 92
50 93
50 94
50 95
50 96
50 98
50 99
50 100
51 52
51 53
51 55
51 57
51 60
51 63
51 65
51 66
51 69
51 72
51 74
51 76
51 77
51 78
51 80
51 82
51 83
51 85
51 86
51 90
51 94
51 96
51 98
52 53
52 54
52 55
52 56
52 57
52 58
52 59
52 60
52 61
52 63
52 64
52 65
52 66
52 67
52 69
52 70
52 71
52 72
52 74
52 75
52 77
52 78
52 80
52 83
52 84
52 85
52 88
52 90
52 91
52 92
52 94
52 95
52 96
52 97
52 98
52 99
52 100
53 54
53 55
53 56
53 59
53 61
53 63
53 64
53 65
53 66
53 67
53 69
53 70
53 71
53 72
53 73
53 74
53 76
53 77
53 78
53 79
53 80
53 82
53 83
53 84
53 86
53 88
53 89
53 90
53 91
53 92
53 93
53 94
53 95
53 97
53 98
53 99
53 100
54 59
54 60
54 62
54 63
54 66
54 69
54 71
54 72
54 74
54 76
54 78
54 80
54 83
54 85
54 86
54 88
54 90
54 92
54 94
54 96
54 99
55 56
55 58
55 59
55 60
55 61
55 62
55 63
55 65
55 66
55 68
55 69
55 71
55 72
55 73
55 74
55 76
55 77
55 78
55 79
55 81
55 83
55 84
55 85
55 86
55 89
55 90
55 92
55 93
55 95
55 96
55 97
55 98
55 99
55 100
56 57
56 59
56 60
56 62
56 65
56 66
56 68
56 69
56 72
56 76
56 77
56 78
56 80
56 82
56 83
56 85
56 86
56 88
56 90
56 92
56 94
56 96
56 98
56 99
57 58
57 60
57 61
57 63
57 64
57 66
57 67
57 68
57 69
57 71
57 72
57 73
57 74
57 76
57 78
57 79
57 80
57 81
57 82
57 83
57 84
57 85
57 86
57 88
57 89
57 90
57 91
57 92
57 94
57 95
57 96
57 98
57 99
58 59
58 62
58 63
58 65
58 68
58 69
58 71
58 74
58 76
58 77
58 78
58 80
58 82
58 83
58 85
58 86
58 88
58 90
58 96
58 99
59 60
59 61
59 62
59 64
59 65
59 66
59 67
59 68
59 69
59 70
59 71
59 72
59 73
59 74
59 75
59 76
59 77
59 78
59 79
59 80
59 81
59 82
59 83
59 84
59 85
59 87
59 88
59 89
59 90
59 91
59 92
59 93
59 95
59 96
59 99
60 61
60 63
60 65
60 66
60 67
60 68
60 70
60 71
60 72
60 73
60 74
60 76
60 77
60 78
60 79
60 80
60 81
60 82
60 83
60 84
60 86
60 87
60 88
60 89
60 90
60 91
60 92
60 93
60 94
60 95
60 96
60 97
60 98
60 100
61 62
61 63
61 66
61 68
61 69
61 71
61 72
61 74
61 76
61 77
61 78
61 80
61 83
61 86
61 88
61 90
61 92
61 94
61 96
61 98
61 99
62 63
62 64
62 65
62 66
62 67
62 68
62 69
62 70
62 71
62 72
62 76
62 77
62 80
62 81
62 82
62 83
62 84
62 85
62 86
62 87
62 88
62 90
62 92
62 93
62 94
62 95
62 97
62 98
62 100
63 64
63 65
63 67
63 68
63 70
63 71
63 73
63 74
63 75
63 76
63 77
63 78
63 79
63 80
63 82
63 83
63 84
63 86
63 88
63 90
63 91
63 93
63 96
63 97
63 98
63 99
63 100
64 65
64 66
64 68
64 69
64 71
64 72
64 74
64 76
64 78
64 82
64 83
64 85
64 86
64 90
64 92
64 96
64 98
64 99
65 66
65 67
65 68
65 69
65 70
65 71
65 73
65 74
65 75
65 76
65 77
65 78
65 79
65 80
65 81
65 82
65 83
65 85
65 86
65 87
65 88
65 89
65 91
65 92
65 93
65 94
65 95
65 96
65 98
65 99
66 67
66 69
66 70
66 71
66 72
66 73
66 74
66 75
66 76
66 77
66 78
66 79
66 80
66 81
66 82
66 83
66 84
66 85
66 86
66 87
66 88
66 89
66 91
66 92
66 93
66 94
66 95
66 96
66 97
66 98
66 99
66 100
67 68
67 69
67 71
67 72
67 74
67 77
67 78
67 80
67 82
67 83
67 85
67 86
67 88
67 92
67 94
67 96
67 98
67 99
68 69
68 70
68 71
68 72
68 73
68 74
68 76
68 77
68 78
68 80
68 84
68 85
68 87
68 88
68 89
68 90
68 91
68 92
68 93
68 94
68 96
68 97
68 98
68 99
68 100
69 70
69 71
69 72
69 74
69 75
69 76
69 77
69 78
69 79
69 81
69 82
69 83
69 84
69 85
69 86
69 87
69 88
69 89
69 91
69 92
69 93
69 94
69 95
69 96
69 97
69 98
69 99
69 100
70 71
70 72
70 74
70 77
70 82
70 83
70 85
70 86
70 88
70 90
70 94
70 96
70 98
71 72
71 73
71 74
71 77
71 79
71 82
71 86
71 87
71 88
71 90
71 91
71 92
71 93
71 94
71 96
71 98
71 99
71 100
72 73
72 74
72 75
72 76
72 77
72 78
72 80
72 82
72 83
72 84
72 85
72 88
72 89
72 90
72 91
72 92
72 93
72 94
72 95
72 96
72 97
72 98
73 74
73 76
73 77
73 78
73 80
73 82
73 83
73 85
73 86
73 88
73 92
73 94
73 98
73 99
74 75
74 76
74 77
74 78
74 79
74 80
74 81
74 82
74 83
74 84
74 85
74 86
74 87
74 89
74 90
74 91
74 92
74 93
74 94
74 95
74 96
74 97
74 99
74 100
75 76
75 82
75 83
75 86
75 88
75 90
75 92
75 96
75 98
75 99
76 77
76 78
76 79
76 80
76 81
76 82
76 83
76 85
76 86
76 88
76 89
76 90
76 91
76 92
76 93
76 95
76 96
76 97
76 98
76 99
76 100
77 78
77 79
77 80
77 81
77 82
77 83
77 84
77 86
77 88
77 89
77 90
77 91
77 92
77 93
77 94
77 95
77 96
77 97
77 98
77 99
78 79
78 82
78 83
78 84
78 85
78 86
78 87
78 88
78 89
78 90
78 91
78 92
78 93
78 94
78 95
78 96
78 97
78 98
78 99
78 100
79 80
79 82
79 83
79 85
79 86
79 88
79 92
79 94
79 98
79 99
80 81
80 83
80 84
80 85
80 86
80 87
80 88
80 89
80 92
80 93
80 95
80 96
80 97
80 98
80 99
80 100
81 82
81 83
81 85
81 86
81 88
81 90
81 92
81 98
81 99
82 83
82 84
82 85
82 88
82 89
82 91
82 92
82 93
82 94
82 95
82 96
82 97
82 99
82 100
83 84
83 85
83 86
83 88
83 89
83 90
83 92
83 93
83 94
83 95
83 96
83 97
83 99
83 100
84 85
84 86
84 88
84 90
84 94
84 98
84 99
85 86
85 87
85 88
85 89
85 92
85 93
85 94
85 95
85 96
85 97
85 98
85 99
85 100
86 87
86 88
86 89
86 90
86 91
86 92
86 93
86 94
86 95
86 96
86 97
86 98
86 99
87 88
87 90
87 92
87 94
87 99
88 89
88 90
88 91
88 92
88 94
88 95
88 96
88 97
88 98
88 99
88 100
89 90
89 94
89 96
89 98
89 99
90 91
90 92
90 93
90 94
90 96
90 97
90 98
90 99
91 92
91 96
91 99
92 93
92 94
92 97
92 98
92 99
92 100
93 96
93 98
93 99
94 95
94 96
94 97
94 99
94 100
95 96
95 98
95 99
96 97
96 98
96 99
96 100
97 98
97 99
98 99
98 100
99 100
