1 2
1 3
1 4
1 5
1 6
1 7
1 8
1 9
1 10
1 13
1 14
1 18
1 19
1 20
1 23
1 25
1 26
1 27
1 30
1 31
1 34
1 36
1 39
1 40
1 42
1 43
1 44
1 47
1 48
1 49
1 50
1 51
1 52
1 53
1 54
1 55
1 58
1 61
1 63
1 64
1 66
1 69
1 70
1 72
1 74
1 75
1 76
1 79
1 80
1 86
1 87
1 89
1 93
1 96
1 97
1 99
1 101
1 102
1 106
1 108
1 109
1 111
1 112
1 115
1 117
1 118
1 120
1 129
1 131
1 132
1 134
1 135
1 136
1 139
1 141
1 143
1 147
1 148
1 150
1 152
1 153
1 156
1 158
1 162
1 163
1 166
1 168
1 171
1 173
1 176
1 177
1 178
1 180
1 183
1 184
1 190
1 192
1 197
1 198
2 3
2 4
2 5
2 6
2 7
2 8
2 9
2 10
2 14
2 15
2 16
2 21
2 22
2 23
2 24
2 25
2 26
2 29
2 30
2 32
2 33
2 34
2 36
2 37
2 38
2 39
2 40
2 41
2 44
2 46
2 48
2 49
2 50
2 51
2 52
2 53
2 55
2 56
2 58
2 59
2 61
2 62
2 63
2 65
2 67
2 69
2 70
2 71
2 79
2 80
2 81
2 83
2 84
2 86
2 88
2 89
2 108
2 109
2 110
2 112
2 113
2 115
2 117
2 120
2 121
2 122
2 123
2 124
2 126
2 127
2 131
2 132
2 133
2 134
2 135
2 137
2 139
2 141
2 142
2 146
2 147
2 148
2 149
2 152
2 159
2 162
2 163
2 165
2 166
2 167
2 170
2 171
2 175
2 176
2 177
2 179
2 180
2 182
2 183
2 185
2 186
2 187
2 189
2 191
2 192
2 194
2 195
2 196
2 198
2 199
2 200
3 4
3 5
3 6
3 7
3 8
3 9
3 10
3 12
3 13
3 14
3 16
3 17
3 21
3 22
3 25
3 26
3 27
3 28
3 30
3 33
3 34
3 35
3 36
3 37
3 38
3 40
3 41
3 42
3 44
3 45
3 46
3 47
3 48
3 49
3 50
3 54
3 56
3 57
3 58
3 59
3 60
3 62
3 63
3 66
3 67
3 68
3 69
3 72
3 73
3 74
3 75
3 77
3 78
3 83
3 84
3 88
3 89
3 91
3 93
3 95
3 96
3 97
3 99
3 101
3 103
3 109
3 112
3 114
3 119
3 123
3 126
3 129
3 130
3 131
3 132
3 133
3 134
3 135
3 136
3 138
3 142
3 146
3 148
3 152
3 153
3 155
3 156
3 158
3 161
3 162
3 163
3 168
3 170
3 172
3 174
3 175
3 176
3 180
3 181
3 182
3 183
3 185
3 186
3 187
3 188
3 189
3 190
3 195
3 196
3 197
4 5
4 6
4 7
4 8
4 9
4 10
4 11
4 12
4 13
4 14
4 17
4 18
4 20
4 22
4 24
4 28
4 29
4 30
4 31
4 32
4 34
4 36
4 40
4 41
4 42
4 43
4 44
4 46
4 47
4 50
4 51
4 57
4 58
4 60
4 61
4 64
4 65
4 66
4 67
4 71
4 73
4 74
4 75
4 77
4 78
4 87
4 89
4 90
4 92
4 93
4 94
4 95
4 96
4 97
4 98
4 100
4 103
4 104
4 106
4 109
4 110
4 112
4 113
4 114
4 119
4 122
4 125
4 126
4 127
4 129
4 131
4 135
4 139
4 142
4 144
4 145
4 146
4 147
4 150
4 151
4 152
4 155
4 157
4 158
4 163
4 164
4 166
4 167
4 169
4 172
4 175
4 179
4 181
4 186
4 188
4 190
4 192
4 193
4 194
4 197
4 199
4 200
5 6
5 7
5 8
5 9
5 10
5 11
5 13
5 15
5 16
5 17
5 18
5 19
5 22
5 23
5 26
5 27
5 28
5 35
5 36
5 39
5 42
5 44
5 45
5 46
5 48
5 53
5 54
5 57
5 59
5 60
5 61
5 63
5 64
5 66
5 68
5 69
5 72
5 73
5 76
5 77
5 78
5 79
5 80
5 85
5 88
5 89
5 92
5 93
5 94
5 95
5 97
5 98
5 99
5 105
5 106
5 107
5 109
5 110
5 111
5 116
5 119
5 122
5 123
5 124
5 125
5 126
5 127
5 128
5 129
5 130
5 131
5 133
5 138
5 142
5 144
5 147
5 149
5 150
5 151
5 153
5 155
5 156
5 157
5 160
5 161
5 162
5 163
5 164
5 167
5 169
5 170
5 172
5 173
5 175
5 176
5 177
5 178
5 179
5 181
5 182
5 185
5 187
5 188
5 192
5 193
5 194
6 7
6 8
6 9
6 10
6 12
6 13
6 15
6 20
6 21
6 23
6 26
6 27
6 29
6 30
6 32
6 34
6 36
6 40
6 42
6 45
6 52
6 53
6 58
6 59
6 60
6 63
6 64
6 65
6 68
6 72
6 74
6 75
6 76
6 78
6 79
6 81
6 83
6 84
6 85
6 87
6 88
6 89
6 90
6 93
6 94
6 103
6 104
6 105
6 107
6 108
6 109
6 110
6 113
6 114
6 115
6 116
6 117
6 119
6 120
6 121
6 122
6 123
6 125
6 126
6 128
6 134
6 135
6 136
6 139
6 141
6 146
6 147
6 148
6 149
6 150
6 152
6 153
6 157
6 158
6 159
6 162
6 165
6 169
6 171
6 175
6 176
6 178
6 179
6 180
6 182
6 185
6 186
6 189
6 190
6 192
6 193
6 196
6 197
6 198
6 199
6 200
7 8
7 9
7 10
7 11
7 12
7 15
7 17
7 18
7 19
7 23
7 24
7 28
7 29
7 30
7 33
7 34
7 35
7 39
7 40
7 51
7 52
7 55
7 60
7 63
7 64
7 66
7 68
7 70
7 73
7 75
7 82
7 83
7 84
7 85
7 86
7 87
7 88
7 90
7 91
7 92
7 94
7 95
7 96
7 97
7 98
7 99
7 101
7 103
7 104
7 107
7 108
7 110
7 111
7 113
7 114
7 115
7 117
7 118
7 122
7 123
7 126
7 129
7 130
7 134
7 136
7 138
7 139
7 140
7 141
7 142
7 143
7 145
7 146
7 148
7 149
7 150
7 154
7 155
7 156
7 158
7 159
7 160
7 163
7 165
7 166
7 171
7 172
7 173
7 174
7 175
7 178
7 180
7 183
7 185
7 192
7 193
7 194
7 196
7 199
7 200
8 9
8 10
8 12
8 13
8 14
8 15
8 17
8 19
8 21
8 22
8 24
8 27
8 29
8 31
8 34
8 38
8 39
8 42
8 43
8 44
8 45
8 46
8 47
8 48
8 50
8 51
8 52
8 56
8 58
8 62
8 63
8 64
8 69
8 71
8 72
8 73
8 75
8 76
8 77
8 78
8 81
8 83
8 84
8 86
8 87
8 88
8 95
8 96
8 97
8 98
8 102
8 108
8 109
8 110
8 112
8 113
8 114
8 120
8 121
8 124
8 128
8 129
8 130
8 131
8 132
8 135
8 136
8 137
8 140
8 141
8 142
8 143
8 145
8 147
8 150
8 152
8 154
8 160
8 162
8 165
8 167
8 168
8 169
8 171
8 175
8 179
8 180
8 182
8 183
8 184
8 186
8 187
8 189
8 190
8 194
8 197
8 200
9 10
9 13
9 16
9 20
9 22
9 23
9 26
9 27
9 28
9 30
9 32
9 33
9 34
9 35
9 37
9 38
9 41
9 42
9 45
9 46
9 50
9 51
9 52
9 55
9 60
9 62
9 63
9 64
9 67
9 69
9 70
9 71
9 73
9 74
9 78
9 79
9 80
9 83
9 86
9 87
9 88
9 89
9 91
9 94
9 96
9 97
9 98
9 99
9 103
9 104
9 105
9 107
9 109
9 110
9 112
9 114
9 115
9 117
9 118
9 120
9 122
9 123
9 125
9 127
9 131
9 132
9 133
9 134
9 136
9 137
9 138
9 139
9 140
9 144
9 147
9 148
9 151
9 152
9 155
9 156
9 158
9 161
9 162
9 164
9 165
9 168
9 172
9 174
9 177
9 183
9 185
9 186
9 187
9 189
9 190
9 193
9 194
9 196
9 197
9 200
10 15
10 19
10 22
10 23
10 24
10 25
10 26
10 29
10 30
10 31
10 34
10 37
10 39
10 40
10 41
10 43
10 44
10 53
10 58
10 59
10 61
10 62
10 65
10 66
10 67
10 73
10 75
10 76
10 80
10 81
10 82
10 84
10 86
10 89
10 91
10 98
10 101
10 103
10 104
10 110
10 114
10 115
10 124
10 126
10 128
10 131
10 136
10 138
10 139
10 143
10 146
10 148
10 149
10 150
10 160
10 162
10 165
10 166
10 173
10 179
10 180
10 181
10 182
10 184
10 186
10 188
10 194
10 197
10 198
10 199
11 12
11 13
11 14
11 16
11 18
11 20
11 22
11 23
11 25
11 26
11 28
11 31
11 32
11 33
11 35
11 36
11 37
11 38
11 43
11 45
11 46
11 47
11 49
11 50
11 51
11 52
11 53
11 54
11 55
11 57
11 58
11 61
11 63
11 65
11 69
11 70
11 71
11 73
11 76
11 77
11 78
11 79
11 80
11 81
11 88
11 89
11 90
11 96
11 97
11 102
11 107
11 112
11 113
11 114
11 116
11 117
11 118
11 121
11 122
11 123
11 129
11 130
11 133
11 134
11 135
11 137
11 139
11 142
11 144
11 146
11 150
11 151
11 152
11 154
11 155
11 156
11 157
11 158
11 159
11 160
11 162
11 163
11 165
11 170
11 171
11 172
11 174
11 177
11 178
11 179
11 183
11 194
11 196
11 197
11 198
11 199
11 200
12 13
12 14
12 16
12 17
12 18
12 22
12 24
12 26
12 27
12 28
12 29
12 30
12 31
12 32
12 34
12 35
12 37
12 39
12 41
12 42
12 43
12 45
12 47
12 51
12 52
12 54
12 55
12 57
12 59
12 60
12 63
12 64
12 65
12 69
12 71
12 74
12 77
12 80
12 81
12 82
12 86
12 88
12 89
12 90
12 91
12 92
12 93
12 96
12 98
12 99
12 100
12 101
12 102
12 104
12 105
12 109
12 110
12 112
12 114
12 116
12 120
12 121
12 122
12 125
12 126
12 127
12 133
12 136
12 139
12 140
12 143
12 146
12 147
12 150
12 152
12 153
12 156
12 157
12 160
12 165
12 166
12 167
12 168
12 169
12 170
12 174
12 178
12 179
12 181
12 182
12 189
12 190
12 191
12 194
12 195
12 196
12 197
12 199
12 200
13 14
13 15
13 16
13 17
13 20
13 21
13 22
13 23
13 24
13 25
13 30
13 33
13 34
13 35
13 36
13 37
13 39
13 40
13 42
13 45
13 52
13 53
13 55
13 56
13 58
13 59
13 62
13 63
13 64
13 65
13 71
13 72
13 74
13 76
13 77
13 79
13 84
13 88
13 91
13 92
13 93
13 94
13 95
13 96
13 97
13 99
13 100
13 103
13 104
13 105
13 106
13 107
13 109
13 110
13 111
13 112
13 117
13 119
13 120
13 122
13 124
13 126
13 129
13 130
13 133
13 135
13 136
13 139
13 141
13 142
13 144
13 149
13 150
13 151
13 153
13 154
13 157
13 158
13 161
13 163
13 164
13 165
13 166
13 167
13 172
13 173
13 174
13 175
13 176
13 177
13 178
13 180
13 182
13 183
13 186
13 187
13 188
13 189
13 190
13 192
13 195
13 197
13 198
13 200
14 15
14 17
14 19
14 20
14 22
14 25
14 26
14 28
14 29
14 31
14 33
14 34
14 35
14 37
14 38
14 39
14 40
14 49
14 56
14 59
14 63
14 65
14 66
14 71
14 72
14 76
14 80
14 82
14 86
14 87
14 88
14 89
14 92
14 96
14 98
14 103
14 105
14 108
14 110
14 112
14 115
14 124
14 126
14 129
14 130
14 133
14 136
14 138
14 139
14 141
14 142
14 143
14 146
14 148
14 150
14 151
14 154
14 156
14 158
14 159
14 160
14 162
14 163
14 165
14 168
14 169
14 172
14 175
14 177
14 179
14 184
14 186
14 188
15 16
15 17
15 18
15 21
15 22
15 27
15 29
15 32
15 34
15 35
15 36
15 37
15 38
15 40
15 41
15 44
15 45
15 46
15 47
15 48
15 50
15 51
15 52
15 53
15 54
15 61
15 63
15 64
15 65
15 66
15 67
15 68
15 71
15 72
15 74
15 78
15 81
15 82
15 83
15 84
15 86
15 87
15 89
15 90
15 91
15 92
15 93
15 94
15 96
15 97
15 98
15 103
15 105
15 109
15 110
15 111
15 112
15 115
15 117
15 119
15 124
15 126
15 128
15 130
15 131
15 135
15 136
15 137
15 140
15 142
15 143
15 144
15 147
15 148
15 149
15 157
15 159
15 161
15 162
15 163
15 164
15 165
15 168
15 169
15 172
15 173
15 175
15 177
15 178
15 179
15 181
15 185
15 187
15 191
15 192
15 198
15 200
16 22
16 25
16 26
16 29
16 31
16 34
16 37
16 38
16 39
16 40
16 43
16 44
16 45
16 47
16 49
16 52
16 54
16 56
16 58
16 59
16 61
16 64
16 65
16 66
16 67
16 69
16 72
16 73
16 76
16 78
16 81
16 86
16 88
16 91
16 92
16 93
16 94
16 96
16 99
16 101
16 109
16 112
16 114
16 116
16 118
16 120
16 122
16 128
16 129
16 130
16 133
16 135
16 139
16 142
16 146
16 153
16 154
16 156
16 163
16 168
16 170
16 172
16 173
16 175
16 179
16 182
16 184
16 186
16 188
16 189
16 193
16 194
16 196
16 197
16 199
17 18
17 20
17 21
17 22
17 23
17 24
17 25
17 26
17 29
17 34
17 35
17 36
17 37
17 41
17 42
17 43
17 46
17 49
17 55
17 56
17 57
17 58
17 59
17 63
17 64
17 68
17 69
17 70
17 71
17 73
17 74
17 75
17 77
17 79
17 80
17 82
17 83
17 84
17 85
17 86
17 88
17 89
17 90
17 91
17 92
17 95
17 98
17 101
17 103
17 104
17 105
17 106
17 107
17 108
17 110
17 111
17 112
17 113
17 114
17 119
17 121
17 127
17 132
17 133
17 138
17 141
17 145
17 146
17 147
17 148
17 152
17 153
17 154
17 157
17 158
17 162
17 163
17 164
17 165
17 166
17 168
17 170
17 173
17 174
17 177
17 180
17 182
17 183
17 184
17 185
17 187
17 188
17 191
17 194
17 195
17 197
17 198
18 20
18 21
18 22
18 24
18 26
18 27
18 29
18 38
18 39
18 40
18 43
18 44
18 49
18 51
18 52
18 53
18 55
18 56
18 59
18 61
18 65
18 66
18 69
18 71
18 72
18 73
18 76
18 78
18 82
18 83
18 84
18 86
18 87
18 88
18 89
18 91
18 92
18 95
18 96
18 101
18 103
18 104
18 105
18 106
18 108
18 109
18 110
18 112
18 114
18 115
18 118
18 120
18 126
18 129
18 130
18 131
18 133
18 135
18 141
18 150
18 153
18 156
18 158
18 159
18 162
18 163
18 168
18 172
18 173
18 180
18 186
18 187
18 188
18 189
18 191
18 193
18 197
18 198
18 199
19 20
19 21
19 22
19 23
19 24
19 25
19 26
19 27
19 28
19 29
19 30
19 31
19 32
19 36
19 37
19 38
19 39
19 40
19 41
19 44
19 45
19 46
19 47
19 48
19 49
19 50
19 54
19 58
19 66
19 67
19 68
19 70
19 72
19 73
19 74
19 75
19 76
19 78
19 79
19 83
19 86
19 87
19 88
19 90
19 91
19 93
19 97
19 98
19 99
19 100
19 102
19 108
19 110
19 111
19 112
19 114
19 118
19 119
19 120
19 122
19 123
19 124
19 125
19 128
19 131
19 134
19 137
19 140
19 141
19 143
19 149
19 153
19 157
19 158
19 160
19 162
19 163
19 164
19 165
19 168
19 171
19 172
19 173
19 174
19 175
19 176
19 179
19 183
19 186
19 188
19 189
19 190
19 194
19 195
19 196
19 197
19 198
19 200
20 21
20 22
20 23
20 24
20 25
20 26
20 27
20 28
20 29
20 30
20 31
20 32
20 34
20 35
20 37
20 38
20 39
20 41
20 43
20 44
20 45
20 49
20 50
20 53
20 54
20 56
20 60
20 61
20 63
20 64
20 66
20 73
20 77
20 80
20 81
20 82
20 86
20 89
20 91
20 92
20 93
20 94
20 98
20 105
20 106
20 107
20 108
20 109
20 110
20 112
20 114
20 117
20 121
20 122
20 123
20 125
20 128
20 131
20 132
20 136
20 137
20 138
20 139
20 140
20 143
20 146
20 147
20 148
20 149
20 150
20 153
20 154
20 156
20 157
20 159
20 160
20 163
20 165
20 170
20 171
20 172
20 174
20 175
20 176
20 177
20 179
20 183
20 185
20 186
20 188
20 191
20 196
20 197
21 22
21 23
21 24
21 25
21 26
21 27
21 28
21 29
21 30
21 31
21 32
21 34
21 38
21 39
21 42
21 45
21 47
21 48
21 51
21 53
21 57
21 59
21 61
21 62
21 66
21 67
21 69
21 71
21 76
21 80
21 82
21 85
21 86
21 87
21 88
21 90
21 91
21 92
21 94
21 95
21 101
21 104
21 105
21 106
21 108
21 110
21 112
21 113
21 114
21 115
21 118
21 119
21 120
21 122
21 125
21 126
21 127
21 128
21 131
21 133
21 134
21 136
21 137
21 138
21 139
21 140
21 143
21 145
21 146
21 148
21 150
21 154
21 156
21 157
21 158
21 159
21 161
21 162
21 165
21 166
21 167
21 169
21 170
21 175
21 177
21 178
21 179
21 180
21 181
21 183
21 186
21 188
21 190
21 193
21 195
21 196
21 197
21 198
21 200
22 23
22 24
22 25
22 26
22 27
22 28
22 29
22 30
22 31
22 32
22 33
22 35
22 36
22 38
22 39
22 42
22 43
22 45
22 46
22 47
22 48
22 49
22 50
22 56
22 57
22 58
22 59
22 60
22 65
22 67
22 68
22 69
22 70
22 74
22 76
22 77
22 80
22 81
22 82
22 84
22 85
22 86
22 87
22 88
22 90
22 91
22 93
22 94
22 102
22 103
22 105
22 106
22 107
22 108
22 109
22 112
22 113
22 115
22 118
22 119
22 121
22 124
22 125
22 127
22 128
22 129
22 134
22 135
22 136
22 140
22 141
22 142
22 144
22 145
22 149
22 150
22 151
22 153
22 159
22 161
22 162
22 163
22 166
22 167
22 172
22 174
22 179
22 180
22 181
22 183
22 184
22 188
22 189
22 190
22 194
22 195
22 196
22 198
23 24
23 25
23 26
23 27
23 28
23 29
23 30
23 31
23 32
23 34
23 35
23 36
23 40
23 41
23 42
23 43
23 44
23 46
23 47
23 48
23 50
23 52
23 53
23 54
23 56
23 63
23 65
23 66
23 67
23 68
23 69
23 70
23 71
23 73
23 74
23 79
23 81
23 82
23 86
23 87
23 89
23 91
23 94
23 95
23 96
23 99
23 100
23 102
23 106
23 107
23 110
23 112
23 114
23 116
23 118
23 119
23 120
23 122
23 125
23 126
23 127
23 129
23 130
23 133
23 136
23 140
23 141
23 142
23 146
23 147
23 148
23 150
23 151
23 154
23 155
23 157
23 160
23 161
23 165
23 166
23 167
23 168
23 170
23 171
23 173
23 174
23 176
23 177
23 178
23 179
23 180
23 181
23 182
23 183
23 184
23 185
23 186
23 187
23 189
23 191
23 192
23 193
23 194
23 195
23 196
23 200
24 25
24 26
24 27
24 28
24 29
24 30
24 31
24 32
24 33
24 34
24 38
24 41
24 43
24 44
24 45
24 46
24 48
24 50
24 51
24 52
24 53
24 55
24 58
24 60
24 61
24 66
24 67
24 68
24 70
24 71
24 73
24 74
24 75
24 76
24 77
24 79
24 80
24 81
24 86
24 88
24 90
24 91
24 92
24 93
24 96
24 98
24 99
24 100
24 101
24 103
24 107
24 111
24 112
24 113
24 114
24 116
24 117
24 118
24 121
24 124
24 125
24 126
24 131
24 133
24 134
24 135
24 138
24 142
24 144
24 146
24 147
24 149
24 151
24 154
24 156
24 159
24 160
24 161
24 164
24 165
24 167
24 170
24 172
24 174
24 175
24 177
24 178
24 180
24 183
24 185
24 190
24 191
24 192
24 199
25 26
25 27
25 28
25 29
25 30
25 31
25 32
25 34
25 36
25 37
25 42
25 45
25 48
25 51
25 53
25 58
25 61
25 62
25 64
25 67
25 70
25 71
25 72
25 81
25 87
25 88
25 94
25 97
25 99
25 100
25 102
25 104
25 106
25 107
25 108
25 109
25 110
25 111
25 113
25 116
25 121
25 122
25 127
25 128
25 131
25 132
25 134
25 135
25 136
25 137
25 138
25 139
25 141
25 143
25 144
25 150
25 151
25 153
25 156
25 157
25 158
25 159
25 161
25 162
25 163
25 168
25 169
25 172
25 177
25 178
25 180
25 181
25 183
25 185
25 186
25 187
25 190
25 191
25 192
25 193
25 196
25 200
26 27
26 28
26 29
26 30
26 31
26 32
26 33
26 36
26 37
26 41
26 42
26 44
26 47
26 48
26 49
26 50
26 52
26 54
26 59
26 60
26 61
26 63
26 65
26 66
26 70
26 71
26 74
26 75
26 78
26 82
26 83
26 88
26 90
26 93
26 94
26 95
26 97
26 100
26 102
26 103
26 104
26 109
26 110
26 114
26 115
26 116
26 123
26 124
26 125
26 129
26 130
26 132
26 133
26 136
26 140
26 141
26 144
26 147
26 149
26 152
26 157
26 158
26 159
26 160
26 162
26 163
26 164
26 165
26 166
26 167
26 169
26 170
26 172
26 177
26 178
26 180
26 185
26 188
26 190
26 191
26 192
26 193
26 194
26 195
26 197
26 198
26 200
27 28
27 29
27 30
27 31
27 32
27 34
27 35
27 37
27 40
27 41
27 43
27 45
27 47
27 48
27 49
27 50
27 54
27 55
27 57
27 59
27 60
27 62
27 63
27 64
27 65
27 66
27 67
27 68
27 69
27 75
27 77
27 79
27 80
27 84
27 85
27 89
27 90
27 93
27 96
27 97
27 98
27 100
27 102
27 103
27 104
27 105
27 106
27 107
27 108
27 110
27 111
27 112
27 113
27 114
27 116
27 118
27 120
27 121
27 122
27 125
27 126
27 127
27 128
27 129
27 130
27 132
27 138
27 139
27 140
27 143
27 144
27 153
27 154
27 155
27 157
27 161
27 165
27 168
27 170
27 172
27 174
27 175
27 177
27 179
27 180
27 182
27 183
27 185
27 186
27 187
27 191
27 192
27 196
27 198
27 199
27 200
28 29
28 30
28 31
28 32
28 35
28 37
28 38
28 39
28 40
28 41
28 42
28 44
28 45
28 46
28 47
28 50
28 51
28 52
28 55
28 57
28 58
28 60
28 61
28 63
28 64
28 66
28 68
28 69
28 70
28 71
28 76
28 78
28 79
28 80
28 81
28 82
28 84
28 85
28 86
28 88
28 91
28 93
28 97
28 98
28 99
28 100
28 102
28 108
28 110
28 112
28 113
28 114
28 115
28 117
28 118
28 120
28 121
28 123
28 125
28 126
28 128
28 130
28 132
28 138
28 139
28 140
28 141
28 144
28 145
28 148
28 151
28 154
28 155
28 161
28 162
28 165
28 170
28 171
28 172
28 173
28 174
28 177
28 178
28 179
28 180
28 181
28 182
28 185
28 187
28 188
28 193
28 194
28 195
28 196
28 199
29 30
29 31
29 32
29 34
29 38
29 40
29 41
29 42
29 43
29 45
29 47
29 49
29 53
29 54
29 55
29 58
29 60
29 62
29 63
29 65
29 66
29 67
29 68
29 69
29 70
29 71
29 73
29 75
29 79
29 84
29 85
29 87
29 88
29 95
29 99
29 101
29 103
29 105
29 106
29 111
29 115
29 117
29 119
29 120
29 123
29 125
29 126
29 130
29 135
29 137
29 138
29 139
29 140
29 141
29 144
29 146
29 147
29 148
29 150
29 152
29 153
29 155
29 156
29 159
29 160
29 162
29 163
29 166
29 167
29 168
29 170
29 173
29 180
29 181
29 182
29 184
29 185
29 187
29 190
29 191
29 192
29 193
29 196
29 197
29 198
29 199
29 200
30 31
30 32
30 34
30 35
30 37
30 40
30 42
30 50
30 52
30 53
30 54
30 56
30 58
30 59
30 61
30 64
30 65
30 66
30 67
30 68
30 69
30 71
30 72
30 73
30 78
30 79
30 80
30 82
30 84
30 85
30 86
30 89
30 93
30 96
30 97
30 98
30 100
30 101
30 104
30 105
30 107
30 110
30 112
30 113
30 114
30 115
30 116
30 117
30 119
30 120
30 121
30 123
30 125
30 127
30 128
30 130
30 131
30 132
30 133
30 135
30 137
30 138
30 140
30 142
30 144
30 147
30 149
30 150
30 153
30 154
30 155
30 156
30 159
30 161
30 163
30 166
30 167
30 168
30 169
30 170
30 171
30 176
30 177
30 179
30 180
30 181
30 182
30 184
30 185
30 186
30 187
30 188
30 189
30 190
30 193
30 194
30 195
30 197
30 198
31 32
31 34
31 38
31 39
31 41
31 42
31 46
31 47
31 49
31 51
31 52
31 53
31 54
31 55
31 56
31 58
31 65
31 66
31 67
31 68
31 69
31 70
31 71
31 72
31 76
31 80
31 81
31 84
31 87
31 88
31 90
31 92
31 94
31 95
31 96
31 101
31 102
31 104
31 105
31 106
31 108
31 110
31 111
31 113
31 115
31 117
31 119
31 120
31 121
31 122
31 123
31 127
31 129
31 131
31 132
31 133
31 134
31 135
31 136
31 142
31 144
31 145
31 147
31 148
31 149
31 150
31 152
31 153
31 154
31 155
31 158
31 162
31 164
31 166
31 168
31 169
31 170
31 171
31 173
31 174
31 175
31 176
31 178
31 179
31 180
31 191
31 192
31 195
31 196
31 198
32 33
32 34
32 38
32 41
32 44
32 45
32 49
32 55
32 58
32 59
32 62
32 69
32 71
32 72
32 75
32 76
32 81
32 83
32 84
32 86
32 87
32 88
32 92
32 93
32 96
32 99
32 102
32 105
32 106
32 108
32 114
32 118
32 120
32 128
32 129
32 130
32 131
32 136
32 143
32 144
32 146
32 148
32 154
32 158
32 159
32 163
32 165
32 168
32 169
32 172
32 173
32 175
32 177
32 179
32 180
32 182
32 187
32 189
32 191
32 199
33 34
33 35
33 36
33 37
33 38
33 39
33 45
33 46
33 47
33 48
33 50
33 52
33 54
33 55
33 56
33 57
33 58
33 59
33 64
33 65
33 66
33 67
33 69
33 70
33 74
33 76
33 77
33 79
33 80
33 81
33 85
33 86
33 87
33 89
33 92
33 93
33 95
33 98
33 101
33 102
33 104
33 105
33 106
33 108
33 109
33 110
33 112
33 114
33 115
33 120
33 122
33 123
33 124
33 126
33 131
33 132
33 133
33 134
33 135
33 136
33 137
33 138
33 141
33 143
33 146
33 147
33 149
33 150
33 151
33 154
33 155
33 156
33 160
33 162
33 165
33 166
33 167
33 168
33 169
33 170
33 172
33 173
33 174
33 176
33 181
33 182
33 186
33 189
33 190
33 193
33 194
33 195
33 196
33 197
34 35
34 36
34 37
34 39
34 42
34 44
34 46
34 48
34 51
34 55
34 56
34 59
34 60
34 63
34 66
34 67
34 68
34 71
34 72
34 73
34 74
34 77
34 79
34 81
34 85
34 86
34 88
34 89
34 90
34 92
34 93
34 95
34 97
34 98
34 99
34 101
34 106
34 107
34 108
34 112
34 115
34 117
34 120
34 123
34 124
34 125
34 129
34 133
34 134
34 135
34 138
34 140
34 142
34 143
34 146
34 147
34 152
34 154
34 156
34 157
34 160
34 161
34 164
34 165
34 166
34 171
34 173
34 176
34 178
34 179
34 181
34 182
34 184
34 187
34 188
34 189
34 193
34 194
34 196
34 197
34 198
34 199
35 36
35 37
35 41
35 42
35 43
35 50
35 52
35 53
35 54
35 57
35 59
35 61
35 62
35 68
35 69
35 71
35 72
35 77
35 78
35 79
35 80
35 81
35 82
35 83
35 85
35 89
35 90
35 92
35 93
35 101
35 102
35 103
35 104
35 105
35 106
35 108
35 110
35 114
35 116
35 119
35 124
35 125
35 126
35 131
35 132
35 133
35 134
35 135
35 136
35 138
35 140
35 142
35 143
35 144
35 145
35 146
35 147
35 149
35 150
35 151
35 152
35 155
35 156
35 158
35 159
35 160
35 162
35 163
35 164
35 166
35 168
35 169
35 170
35 172
35 173
35 174
35 176
35 178
35 179
35 180
35 181
35 184
35 185
35 193
35 194
35 195
35 197
35 198
35 199
36 37
36 38
36 41
36 45
36 47
36 51
36 52
36 54
36 55
36 58
36 61
36 62
36 63
36 65
36 66
36 67
36 71
36 73
36 75
36 76
36 80
36 81
36 82
36 84
36 86
36 87
36 88
36 92
36 93
36 94
36 96
36 98
36 101
36 106
36 110
36 112
36 114
36 116
36 120
36 122
36 128
36 129
36 135
36 139
36 141
36 142
36 148
36 150
36 167
36 169
36 170
36 172
36 175
36 177
36 180
36 181
36 182
36 186
36 188
36 189
36 191
36 194
36 197
37 38
37 39
37 40
37 41
37 42
37 43
37 46
37 48
37 49
37 51
37 53
37 55
37 56
37 57
37 58
37 59
37 62
37 63
37 65
37 66
37 67
37 69
37 70
37 74
37 76
37 77
37 80
37 81
37 84
37 85
37 86
37 88
37 94
37 95
37 96
37 97
37 100
37 103
37 106
37 107
37 111
37 113
37 114
37 115
37 116
37 117
37 120
37 123
37 124
37 127
37 129
37 130
37 132
37 137
37 138
37 140
37 142
37 147
37 149
37 159
37 161
37 162
37 163
37 164
37 165
37 167
37 169
37 170
37 173
37 174
37 176
37 182
37 183
37 184
37 187
37 190
37 192
37 193
37 194
37 196
37 197
37 198
38 39
38 40
38 41
38 42
38 43
38 45
38 48
38 49
38 53
38 54
38 60
38 62
38 63
38 64
38 66
38 72
38 75
38 77
38 79
38 80
38 81
38 82
38 83
38 85
38 86
38 88
38 90
38 92
38 97
38 98
38 100
38 101
38 102
38 103
38 110
38 112
38 117
38 119
38 121
38 122
38 126
38 127
38 128
38 132
38 134
38 135
38 136
38 139
38 140
38 141
38 142
38 146
38 148
38 149
38 153
38 154
38 156
38 157
38 158
38 163
38 164
38 165
38 167
38 168
38 169
38 171
38 172
38 173
38 174
38 175
38 176
38 177
38 178
38 182
38 185
38 188
38 189
38 192
38 193
38 194
38 197
38 198
38 199
38 200
39 40
39 41
39 42
39 50
39 53
39 54
39 57
39 58
39 59
39 60
39 61
39 62
39 63
39 68
39 71
39 73
39 75
39 77
39 80
39 81
39 84
39 87
39 88
39 92
39 95
39 96
39 97
39 98
39 104
39 106
39 107
39 109
39 113
39 114
39 115
39 116
39 117
39 118
39 119
39 120
39 121
39 124
39 127
39 128
39 130
39 131
39 132
39 137
39 139
39 140
39 147
39 148
39 149
39 151
39 156
39 157
39 158
39 161
39 166
39 169
39 170
39 171
39 173
39 175
39 182
39 184
39 186
39 190
39 192
39 193
39 194
39 195
39 196
39 198
39 200
40 41
40 42
40 46
40 50
40 52
40 53
40 54
40 55
40 56
40 58
40 60
40 61
40 67
40 70
40 72
40 73
40 74
40 75
40 76
40 77
40 78
40 79
40 80
40 83
40 84
40 86
40 88
40 92
40 94
40 98
40 102
40 103
40 106
40 108
40 110
40 111
40 112
40 115
40 116
40 117
40 119
40 120
40 121
40 122
40 125
40 126
40 129
40 132
40 133
40 134
40 135
40 137
40 139
40 140
40 142
40 144
40 148
40 149
40 151
40 153
40 154
40 157
40 160
40 161
40 163
40 171
40 176
40 178
40 182
40 183
40 184
40 186
40 187
40 189
40 190
40 191
40 192
40 193
40 194
40 199
41 42
41 48
41 49
41 51
41 53
41 54
41 57
41 58
41 61
41 63
41 66
41 67
41 68
41 69
41 70
41 72
41 73
41 75
41 77
41 78
41 79
41 80
41 82
41 84
41 85
41 87
41 91
41 92
41 93
41 95
41 96
41 98
41 101
41 102
41 103
41 104
41 106
41 107
41 109
41 112
41 113
41 114
41 115
41 117
41 118
41 125
41 128
41 129
41 134
41 135
41 136
41 138
41 139
41 141
41 142
41 144
41 147
41 150
41 151
41 152
41 153
41 155
41 159
41 160
41 162
41 163
41 164
41 166
41 168
41 172
41 173
41 175
41 176
41 179
41 182
41 183
41 186
41 187
41 188
41 189
41 191
41 192
41 195
41 199
41 200
42 44
42 52
42 54
42 59
42 61
42 63
42 64
42 65
42 69
42 72
42 75
42 76
42 78
42 80
42 81
42 86
42 87
42 88
42 89
42 91
42 92
42 93
42 105
42 106
42 109
42 115
42 120
42 122
42 123
42 128
42 129
42 130
42 135
42 136
42 146
42 148
42 150
42 151
42 154
42 158
42 159
42 160
42 162
42 167
42 170
42 172
42 173
42 175
42 177
42 179
42 181
42 182
42 184
42 186
42 187
42 188
42 191
42 196
42 198
42 199
43 44
43 45
43 46
43 47
43 51
43 55
43 57
43 58
43 59
43 62
43 65
43 67
43 68
43 70
43 72
43 76
43 79
43 80
43 83
43 85
43 89
43 91
43 93
43 95
43 96
43 98
43 99
43 100
43 101
43 102
43 104
43 106
43 109
43 111
43 113
43 116
43 121
43 122
43 123
43 126
43 127
43 130
43 135
43 136
43 137
43 138
43 141
43 142
43 144
43 146
43 148
43 150
43 151
43 152
43 154
43 158
43 160
43 163
43 165
43 169
43 170
43 172
43 176
43 177
43 179
43 180
43 183
43 184
43 186
43 189
43 190
43 191
43 194
43 195
43 197
43 198
43 199
44 45
44 46
44 47
44 48
44 49
44 50
44 51
44 55
44 57
44 60
44 63
44 66
44 68
44 71
44 72
44 76
44 79
44 80
44 82
44 83
44 86
44 87
44 88
44 90
44 91
44 93
44 95
44 100
44 102
44 108
44 109
44 110
44 112
44 113
44 116
44 117
44 118
44 119
44 120
44 121
44 122
44 123
44 124
44 126
44 127
44 129
44 132
44 133
44 134
44 136
44 137
44 139
44 141
44 146
44 147
44 150
44 151
44 153
44 154
44 156
44 157
44 159
44 162
44 163
44 169
44 170
44 172
44 175
44 178
44 182
44 183
44 185
44 187
44 188
44 189
44 191
44 196
44 197
44 198
45 46
45 47
45 48
45 50
45 51
45 52
45 53
45 54
45 55
45 56
45 59
45 60
45 63
45 65
45 67
45 68
45 69
45 70
45 71
45 73
45 75
45 79
45 90
45 95
45 97
45 99
45 100
45 101
45 102
45 104
45 105
45 106
45 108
45 109
45 112
45 113
45 114
45 115
45 117
45 118
45 122
45 123
45 124
45 127
45 128
45 131
45 135
45 136
45 139
45 141
45 144
45 146
45 147
45 149
45 152
45 154
45 155
45 161
45 166
45 169
45 170
45 171
45 172
45 174
45 175
45 178
45 180
45 181
45 182
45 183
45 185
45 188
45 189
45 190
45 191
45 193
45 194
45 197
45 199
45 200
46 53
46 56
46 62
46 63
46 69
46 71
46 78
46 80
46 81
46 82
46 83
46 84
46 87
46 93
46 94
46 102
46 105
46 106
46 109
46 112
46 114
46 116
46 118
46 120
46 122
46 126
46 133
46 135
46 136
46 141
46 142
46 143
46 148
46 150
46 156
46 158
46 160
46 162
46 163
46 168
46 172
46 173
46 175
46 177
46 180
46 181
46 188
46 193
46 194
46 196
46 198
46 199
47 48
47 49
47 50
47 51
47 52
47 53
47 58
47 59
47 60
47 61
47 63
47 64
47 65
47 68
47 69
47 70
47 72
47 73
47 74
47 75
47 76
47 79
47 81
47 82
47 83
47 86
47 87
47 89
47 90
47 91
47 92
47 93
47 94
47 96
47 97
47 99
47 100
47 102
47 104
47 105
47 106
47 107
47 108
47 109
47 111
47 113
47 116
47 117
47 119
47 120
47 121
47 123
47 124
47 125
47 126
47 127
47 129
47 130
47 131
47 132
47 133
47 134
47 137
47 139
47 141
47 142
47 143
47 145
47 148
47 150
47 151
47 152
47 153
47 154
47 157
47 158
47 159
47 160
47 162
47 165
47 167
47 169
47 171
47 173
47 174
47 175
47 178
47 179
47 180
47 182
47 183
47 186
47 188
47 191
47 193
47 194
47 195
47 196
47 198
47 200
48 49
48 51
48 54
48 56
48 64
48 66
48 67
48 71
48 73
48 75
48 76
48 80
48 81
48 84
48 91
48 94
48 96
48 99
48 104
48 108
48 109
48 110
48 112
48 115
48 118
48 120
48 123
48 128
48 129
48 130
48 133
48 138
48 143
48 146
48 150
48 151
48 153
48 156
48 159
48 160
48 163
48 165
48 167
48 170
48 175
48 177
48 179
48 181
48 182
48 184
48 189
48 191
49 50
49 51
49 54
49 56
49 59
49 67
49 68
49 70
49 72
49 78
49 79
49 80
49 81
49 83
49 85
49 86
49 87
49 90
49 91
49 96
49 97
49 98
49 100
49 101
49 105
49 106
49 109
49 110
49 111
49 112
49 113
49 114
49 116
49 122
49 124
49 132
49 134
49 135
49 139
49 141
49 142
49 143
49 147
49 149
49 153
49 154
49 158
49 159
49 168
49 169
49 171
49 172
49 173
49 178
49 179
49 181
49 182
49 183
49 184
49 185
49 186
49 187
49 191
49 194
49 195
49 197
49 199
50 55
50 58
50 59
50 61
50 63
50 64
50 65
50 67
50 69
50 71
50 73
50 75
50 84
50 86
50 88
50 91
50 92
50 98
50 99
50 101
50 102
50 105
50 108
50 109
50 110
50 115
50 116
50 118
50 120
50 122
50 124
50 126
50 129
50 130
50 131
50 133
50 135
50 138
50 142
50 144
50 146
50 149
50 151
50 154
50 159
50 168
50 177
50 181
50 182
50 184
50 186
50 193
50 194
50 197
50 198
50 199
51 52
51 53
51 54
51 55
51 56
51 57
51 58
51 61
51 70
51 72
51 73
51 76
51 77
51 79
51 80
51 83
51 84
51 86
51 87
51 89
51 91
51 93
51 94
51 95
51 97
51 98
51 101
51 104
51 106
51 108
51 109
51 111
51 112
51 114
51 117
51 118
51 121
51 124
51 125
51 126
51 127
51 130
51 134
51 136
51 138
51 139
51 144
51 146
51 148
51 149
51 151
51 154
51 155
51 157
51 159
51 161
51 162
51 163
51 165
51 167
51 168
51 169
51 170
51 171
51 174
51 175
51 179
51 181
51 184
51 185
51 188
51 191
51 192
51 196
51 197
51 200
52 53
52 54
52 55
52 56
52 57
52 58
52 59
52 60
52 63
52 64
52 66
52 67
52 69
52 72
52 74
52 75
52 76
52 78
52 79
52 80
52 82
52 83
52 85
52 86
52 87
52 88
52 90
52 91
52 92
52 93
52 94
52 98
52 100
52 104
52 105
52 107
52 108
52 110
52 111
52 113
52 114
52 119
52 120
52 121
52 125
52 127
52 128
52 129
52 131
52 134
52 135
52 136
52 139
52 140
52 141
52 145
52 146
52 147
52 148
52 149
52 151
52 152
52 153
52 154
52 156
52 157
52 158
52 159
52 160
52 161
52 162
52 167
52 168
52 169
52 170
52 171
52 172
52 175
52 176
52 177
52 178
52 179
52 180
52 183
52 184
52 186
52 188
52 189
52 190
52 191
52 192
52 193
52 194
52 195
52 196
52 197
52 200
53 54
53 55
53 56
53 57
53 58
53 60
53 64
53 66
53 67
53 73
53 75
53 76
53 77
53 79
53 81
53 83
53 86
53 87
53 88
53 90
53 92
53 95
53 98
53 99
53 100
53 101
53 102
53 103
53 104
53 107
53 108
53 109
53 112
53 114
53 115
53 117
53 120
53 123
53 128
53 129
53 133
53 134
53 137
53 139
53 141
53 146
53 151
53 152
53 154
53 155
53 156
53 157
53 158
53 159
53 161
53 162
53 163
53 166
53 167
53 169
53 173
53 175
53 177
53 178
53 179
53 181
53 184
53 186
53 188
53 191
53 193
53 194
53 196
53 200
54 55
54 56
54 57
54 59
54 60
54 61
54 62
54 64
54 65
54 66
54 67
54 68
54 72
54 74
54 76
54 77
54 78
54 79
54 81
54 82
54 83
54 89
54 90
54 93
54 94
54 95
54 97
54 98
54 100
54 101
54 102
54 105
54 108
54 112
54 114
54 115
54 116
54 118
54 119
54 120
54 121
54 123
54 124
54 126
54 127
54 128
54 129
54 131
54 133
54 134
54 136
54 137
54 138
54 139
54 140
54 141
54 142
54 143
54 144
54 145
54 147
54 148
54 150
54 151
54 152
54 153
54 154
54 155
54 157
54 158
54 159
54 160
54 161
54 163
54 164
54 165
54 167
54 169
54 175
54 177
54 179
54 180
54 182
54 183
54 185
54 186
54 187
54 189
54 190
54 192
54 193
54 197
54 200
55 56
55 57
55 59
55 61
55 63
55 64
55 66
55 67
55 68
55 70
55 71
55 72
55 73
55 77
55 79
55 82
55 85
55 88
55 89
55 90
55 92
55 95
55 97
55 101
55 102
55 103
55 106
55 107
55 108
55 109
55 112
55 114
55 116
55 118
55 119
55 120
55 125
55 129
55 131
55 134
55 135
55 139
55 141
55 143
55 144
55 145
55 146
55 147
55 150
55 156
55 159
55 161
55 163
55 165
55 170
55 172
55 174
55 177
55 179
55 180
55 182
55 183
55 184
55 186
55 187
55 189
55 191
55 194
55 196
55 198
55 199
55 200
56 57
56 58
56 60
56 61
56 62
56 67
56 69
56 70
56 71
56 74
56 75
56 76
56 79
56 80
56 81
56 82
56 83
56 84
56 85
56 86
56 88
56 89
56 90
56 92
56 95
56 96
56 98
56 99
56 101
56 102
56 103
56 104
56 106
56 108
56 109
56 111
56 112
56 114
56 115
56 116
56 118
56 119
56 120
56 121
56 122
56 123
56 125
56 126
56 128
56 130
56 131
56 135
56 137
56 139
56 141
56 142
56 143
56 144
56 147
56 148
56 149
56 151
56 152
56 153
56 154
56 155
56 157
56 158
56 163
56 166
56 168
56 171
56 172
56 173
56 176
56 177
56 179
56 182
56 183
56 185
56 187
56 188
56 193
56 197
56 199
56 200
57 59
57 61
57 63
57 66
57 69
57 71
57 75
57 76
57 78
57 80
57 83
57 84
57 87
57 88
57 89
57 91
57 92
57 96
57 98
57 105
57 106
57 108
57 116
57 118
57 120
57 122
57 123
57 135
57 138
57 139
57 142
57 146
57 148
57 151
57 153
57 156
57 160
57 163
57 166
57 172
57 175
57 177
57 180
57 182
57 186
57 187
57 188
57 196
57 197
58 59
58 60
58 66
58 68
58 70
58 74
58 77
58 78
58 79
58 80
58 82
58 84
58 85
58 86
58 87
58 88
58 91
58 94
58 96
58 97
58 101
58 102
58 104
58 106
58 107
58 109
58 110
58 111
58 115
58 116
58 117
58 119
58 120
58 121
58 125
58 128
58 129
58 131
58 132
58 133
58 136
58 138
58 139
58 140
58 143
58 144
58 145
58 147
58 148
58 149
58 150
58 151
58 153
58 155
58 156
58 160
58 165
58 166
58 167
58 169
58 170
58 171
58 172
58 177
58 178
58 179
58 181
58 186
58 187
58 188
58 189
58 190
58 191
58 192
58 193
58 195
58 196
58 199
58 200
59 60
59 61
59 62
59 63
59 64
59 69
59 70
59 71
59 76
59 79
59 80
59 81
59 82
59 85
59 86
59 87
59 88
59 89
59 95
59 96
59 97
59 103
59 107
59 108
59 109
59 110
59 113
59 115
59 116
59 117
59 118
59 121
59 122
59 124
59 125
59 126
59 127
59 129
59 130
59 131
59 133
59 134
59 138
59 140
59 141
59 145
59 146
59 153
59 155
59 156
59 157
59 158
59 165
59 170
59 171
59 172
59 173
59 176
59 180
59 181
59 182
59 184
59 185
59 187
59 190
59 191
59 195
59 200
60 63
60 64
60 65
60 69
60 72
60 73
60 76
60 78
60 84
60 86
60 87
60 88
60 91
60 92
60 93
60 94
60 96
60 102
60 104
60 105
60 106
60 109
60 110
60 112
60 115
60 118
60 122
60 123
60 128
60 130
60 131
60 135
60 136
60 142
60 144
60 146
60 149
60 153
60 156
60 163
60 166
60 168
60 169
60 170
60 175
60 180
60 182
60 188
60 189
60 191
60 194
60 197
60 198
61 62
61 63
61 64
61 65
61 66
61 67
61 68
61 70
61 74
61 75
61 77
61 81
61 82
61 86
61 91
61 92
61 94
61 95
61 96
61 97
61 98
61 99
61 101
61 103
61 104
61 105
61 108
61 109
61 112
61 116
61 117
61 118
61 120
61 121
61 123
61 124
61 125
61 127
61 128
61 131
61 133
61 135
61 136
61 137
61 138
61 139
61 140
61 143
61 144
61 145
61 146
61 147
61 149
61 152
61 153
61 156
61 159
61 162
61 167
61 173
61 174
61 175
61 176
61 181
61 182
61 185
61 187
61 190
61 192
61 193
61 194
61 195
61 197
61 198
61 199
61 200
62 63
62 64
62 65
62 66
62 67
62 68
62 69
62 71
62 74
62 75
62 76
62 77
62 78
62 79
62 80
62 82
62 85
62 87
62 91
62 93
62 94
62 96
62 101
62 103
62 110
62 111
62 112
62 116
62 118
62 122
62 124
62 125
62 126
62 128
62 131
62 132
62 133
62 134
62 138
62 139
62 140
62 142
62 143
62 145
62 148
62 149
62 151
62 152
62 153
62 156
62 157
62 159
62 160
62 161
62 164
62 167
62 170
62 173
62 175
62 176
62 178
62 180
62 181
62 182
62 183
62 184
62 188
62 189
62 192
62 193
62 194
62 198
62 199
62 200
63 64
63 65
63 66
63 67
63 68
63 69
63 71
63 72
63 73
63 75
63 76
63 78
63 80
63 81
63 82
63 83
63 84
63 93
63 95
63 96
63 97
63 98
63 99
63 100
63 101
63 102
63 105
63 106
63 109
63 110
63 120
63 121
63 124
63 125
63 128
63 129
63 130
63 132
63 137
63 138
63 139
63 140
63 144
63 146
63 147
63 151
63 153
63 158
63 159
63 160
63 161
63 167
63 169
63 171
63 173
63 174
63 177
63 179
63 180
63 182
63 183
63 184
63 186
63 187
63 188
63 192
63 194
63 195
63 196
63 197
63 198
63 199
63 200
64 65
64 66
64 67
64 68
64 70
64 73
64 78
64 79
64 80
64 81
64 82
64 83
64 87
64 89
64 90
64 91
64 94
64 96
64 98
64 105
64 106
64 107
64 109
64 110
64 111
64 116
64 117
64 119
64 120
64 121
64 123
64 124
64 127
64 131
64 133
64 134
64 136
64 137
64 141
64 142
64 143
64 144
64 145
64 148
64 150
64 152
64 153
64 154
64 155
64 156
64 158
64 159
64 160
64 162
64 163
64 167
64 168
64 172
64 173
64 174
64 177
64 178
64 179
64 181
64 183
64 185
64 189
64 190
64 191
64 192
64 194
64 195
64 198
64 199
64 200
65 66
65 67
65 68
65 70
65 71
65 73
65 74
65 75
65 77
65 79
65 83
65 84
65 86
65 87
65 90
65 92
65 93
65 94
65 95
65 96
65 97
65 99
65 100
65 102
65 103
65 106
65 108
65 111
65 115
65 116
65 117
65 118
65 120
65 123
65 124
65 125
65 127
65 129
65 130
65 136
65 137
65 140
65 142
65 145
65 149
65 150
65 151
65 153
65 155
65 156
65 159
65 161
65 163
65 164
65 165
65 167
65 169
65 170
65 173
65 174
65 176
65 177
65 178
65 181
65 182
65 183
65 188
65 189
65 190
65 191
65 193
65 194
65 195
65 196
65 197
65 198
65 199
66 67
66 68
66 69
66 70
66 72
66 75
66 77
66 79
66 80
66 81
66 83
66 84
66 86
66 87
66 88
66 89
66 91
66 96
66 98
66 99
66 102
66 103
66 104
66 105
66 107
66 109
66 110
66 111
66 112
66 115
66 117
66 118
66 119
66 120
66 123
66 124
66 126
66 127
66 128
66 130
66 135
66 136
66 137
66 139
66 140
66 144
66 148
66 149
66 150
66 151
66 155
66 156
66 157
66 158
66 160
66 161
66 162
66 166
66 168
66 169
66 170
66 171
66 172
66 175
66 177
66 178
66 179
66 180
66 182
66 183
66 184
66 186
66 187
66 188
66 192
66 194
67 68
67 69
67 70
67 76
67 77
67 78
67 79
67 80
67 81
67 83
67 87
67 89
67 90
67 91
67 92
67 93
67 95
67 97
67 98
67 99
67 100
67 107
67 108
67 110
67 111
67 112
67 117
67 119
67 120
67 121
67 123
67 126
67 136
67 139
67 140
67 141
67 142
67 143
67 144
67 145
67 146
67 148
67 149
67 153
67 154
67 155
67 156
67 157
67 158
67 159
67 161
67 162
67 163
67 165
67 168
67 169
67 172
67 173
67 174
67 177
67 180
67 181
67 182
67 189
67 190
67 192
67 193
67 194
67 195
67 196
68 73
68 75
68 76
68 81
68 82
68 87
68 89
68 91
68 92
68 93
68 94
68 95
68 99
68 101
68 105
68 106
68 108
68 112
68 114
68 120
68 122
68 123
68 124
68 126
68 129
68 136
68 138
68 139
68 142
68 143
68 144
68 146
68 149
68 151
68 153
68 154
68 158
68 159
68 160
68 166
68 168
68 173
68 181
68 184
68 186
68 188
68 191
68 193
68 197
68 198
68 199
69 70
69 72
69 74
69 76
69 77
69 79
69 83
69 84
69 85
69 87
69 88
69 91
69 92
69 96
69 97
69 98
69 99
69 101
69 103
69 105
69 107
69 111
69 112
69 113
69 114
69 115
69 119
69 121
69 122
69 123
69 126
69 128
69 132
69 134
69 135
69 136
69 138
69 139
69 140
69 141
69 142
69 143
69 147
69 148
69 149
69 151
69 152
69 153
69 154
69 155
69 157
69 159
69 160
69 161
69 167
69 168
69 170
69 172
69 174
69 175
69 177
69 180
69 182
69 183
69 184
69 186
69 188
69 189
69 190
69 191
69 194
69 195
69 196
69 198
69 200
70 71
70 76
70 82
70 83
70 84
70 86
70 87
70 88
70 89
70 96
70 98
70 99
70 103
70 104
70 110
70 120
70 122
70 123
70 126
70 131
70 133
70 138
70 141
70 143
70 148
70 149
70 150
70 151
70 153
70 154
70 159
70 162
70 167
70 168
70 170
70 172
70 177
70 179
70 181
70 182
70 184
70 186
70 187
70 188
70 189
70 194
70 196
70 198
70 199
71 72
71 73
71 74
71 75
71 78
71 80
71 82
71 83
71 84
71 86
71 89
71 90
71 92
71 94
71 97
71 99
71 100
71 103
71 107
71 108
71 109
71 110
71 111
71 112
71 116
71 118
71 119
71 122
71 123
71 126
71 135
71 137
71 140
71 141
71 142
71 146
71 149
71 150
71 152
71 155
71 157
71 160
71 161
71 165
71 167
71 168
71 169
71 171
71 172
71 173
71 174
71 175
71 180
71 183
71 185
71 186
71 191
71 192
71 193
71 195
71 197
71 199
71 200
72 73
72 74
72 75
72 76
72 78
72 80
72 82
72 84
72 85
72 86
72 87
72 88
72 89
72 94
72 95
72 97
72 98
72 99
72 100
72 101
72 104
72 106
72 107
72 108
72 109
72 110
72 111
72 115
72 116
72 117
72 118
72 119
72 121
72 122
72 124
72 128
72 129
72 131
72 132
72 133
72 135
72 136
72 138
72 140
72 141
72 144
72 149
72 151
72 152
72 153
72 155
72 156
72 157
72 163
72 165
72 166
72 167
72 168
72 169
72 170
72 173
72 174
72 176
72 177
72 178
72 179
72 180
72 182
72 183
72 184
72 186
72 187
72 190
72 191
72 192
72 193
72 194
72 196
72 197
72 198
73 74
73 75
73 77
73 78
73 79
73 80
73 84
73 85
73 90
73 91
73 92
73 93
73 94
73 97
73 99
73 100
73 102
73 103
73 106
73 107
73 108
73 109
73 110
73 111
73 113
73 115
73 119
73 123
73 125
73 126
73 130
73 131
73 134
73 136
73 138
73 139
73 140
73 141
73 145
73 146
73 148
73 150
73 151
73 155
73 157
73 160
73 161
73 164
73 165
73 166
73 167
73 168
73 169
73 171
73 176
73 178
73 179
73 181
73 184
73 185
73 186
73 189
73 192
73 195
73 199
73 200
74 76
74 81
74 83
74 84
74 86
74 89
74 91
74 94
74 95
74 96
74 98
74 99
74 101
74 102
74 104
74 106
74 108
74 109
74 115
74 118
74 123
74 126
74 128
74 130
74 131
74 133
74 138
74 139
74 141
74 142
74 143
74 144
74 146
74 148
74 149
74 151
74 153
74 154
74 159
74 165
74 166
74 168
74 169
74 172
74 173
74 177
74 179
74 181
74 186
74 188
74 196
74 198
75 76
75 77
75 79
75 80
75 82
75 85
75 86
75 90
75 91
75 92
75 94
75 95
75 96
75 99
75 101
75 103
75 104
75 106
75 107
75 111
75 113
75 116
75 117
75 118
75 120
75 125
75 128
75 130
75 131
75 133
75 134
75 135
75 137
75 139
75 140
75 142
75 144
75 146
75 147
75 149
75 150
75 155
75 156
75 159
75 160
75 161
75 162
75 163
75 167
75 168
75 170
75 174
75 175
75 176
75 177
75 178
75 180
75 182
75 183
75 184
75 187
75 189
75 190
75 191
75 194
75 195
75 198
75 199
76 77
76 78
76 79
76 80
76 82
76 84
76 85
76 86
76 89
76 91
76 92
76 96
76 99
76 100
76 105
76 108
76 110
76 113
76 115
76 124
76 125
76 126
76 129
76 131
76 133
76 134
76 135
76 139
76 143
76 144
76 145
76 147
76 151
76 152
76 155
76 157
76 159
76 162
76 165
76 166
76 167
76 169
76 170
76 174
76 175
76 179
76 182
76 189
76 190
76 193
76 194
76 195
76 196
76 197
76 199
77 82
77 87
77 92
77 93
77 94
77 98
77 101
77 102
77 104
77 105
77 106
77 109
77 112
77 114
77 115
77 116
77 123
77 128
77 130
77 136
77 142
77 143
77 148
77 149
77 150
77 151
77 153
77 158
77 159
77 166
77 170
77 172
77 179
77 180
77 182
77 186
77 187
77 188
77 189
77 194
77 196
78 79
78 80
78 81
78 83
78 85
78 88
78 91
78 92
78 93
78 94
78 95
78 97
78 100
78 102
78 103
78 107
78 108
78 109
78 110
78 112
78 113
78 114
78 115
78 116
78 117
78 120
78 122
78 130
78 131
78 134
78 136
78 138
78 140
78 143
78 147
78 150
78 151
78 152
78 153
78 154
78 155
78 156
78 161
78 163
78 164
78 165
78 166
78 168
78 171
78 172
78 173
78 175
78 176
78 177
78 181
78 186
78 187
78 189
78 196
78 197
78 198
79 80
79 82
79 84
79 86
79 89
79 96
79 99
79 101
79 103
79 104
79 108
79 110
79 112
79 115
79 118
79 123
79 126
79 128
79 129
79 130
79 131
79 135
79 136
79 138
79 139
79 141
79 143
79 144
79 146
79 149
79 151
79 154
79 156
79 160
79 166
79 167
79 169
79 170
79 172
79 175
79 177
79 179
79 180
79 181
79 184
79 186
79 193
79 196
79 198
79 199
80 81
80 82
80 83
80 84
80 85
80 86
80 87
80 89
80 93
80 95
80 96
80 98
80 99
80 101
80 102
80 103
80 104
80 105
80 106
80 107
80 108
80 113
80 114
80 115
80 116
80 118
80 122
80 123
80 127
80 131
80 132
80 133
80 136
80 138
80 139
80 141
80 143
80 144
80 145
80 148
80 149
80 151
80 155
80 156
80 159
80 160
80 161
80 166
80 170
80 171
80 175
80 178
80 180
80 181
80 184
80 185
80 192
80 195
80 197
80 199
81 82
81 83
81 84
81 85
81 88
81 91
81 93
81 94
81 95
81 101
81 102
81 103
81 104
81 105
81 107
81 108
81 109
81 110
81 111
81 115
81 119
81 120
81 122
81 127
81 128
81 129
81 130
81 133
81 134
81 135
81 138
81 139
81 141
81 143
81 144
81 145
81 148
81 150
81 153
81 155
81 156
81 157
81 159
81 163
81 164
81 168
81 169
81 170
81 172
81 173
81 175
81 176
81 181
81 185
81 188
81 189
81 190
81 191
81 193
81 194
81 195
81 199
82 83
82 84
82 85
82 86
82 87
82 88
82 89
82 90
82 97
82 99
82 102
82 104
82 105
82 106
82 108
82 109
82 110
82 111
82 112
82 113
82 114
82 116
82 117
82 118
82 119
82 120
82 121
82 124
82 126
82 128
82 129
82 131
82 134
82 135
82 138
82 140
82 142
82 144
82 145
82 150
82 151
82 152
82 153
82 154
82 160
82 164
82 166
82 167
82 169
82 170
82 173
82 174
82 178
82 179
82 182
82 183
82 184
82 186
82 190
82 191
82 193
82 194
82 195
82 197
83 84
83 85
83 89
83 90
83 91
83 92
83 93
83 95
83 96
83 97
83 99
83 100
83 101
83 102
83 103
83 107
83 108
83 110
83 111
83 112
83 113
83 114
83 116
83 118
83 120
83 121
83 122
83 124
83 125
83 126
83 127
83 130
83 132
83 133
83 134
83 135
83 136
83 140
83 141
83 143
83 146
83 147
83 148
83 151
83 152
83 154
83 155
83 157
83 158
83 159
83 160
83 161
83 162
83 163
83 164
83 172
83 174
83 177
83 178
83 179
83 180
83 181
83 183
83 185
83 187
83 190
83 193
83 194
83 198
84 85
84 87
84 88
84 91
84 92
84 93
84 95
84 96
84 97
84 98
84 101
84 102
84 104
84 106
84 107
84 111
84 114
84 116
84 117
84 118
84 119
84 121
84 122
84 124
84 128
84 130
84 132
84 133
84 134
84 135
84 136
84 139
84 142
84 145
84 146
84 150
84 152
84 153
84 158
84 160
84 164
84 165
84 167
84 168
84 169
84 173
84 176
84 177
84 178
84 180
84 182
84 184
84 185
84 187
84 188
84 193
84 194
84 195
84 199
84 200
85 87
85 89
85 91
85 92
85 94
85 95
85 96
85 98
85 99
85 102
85 104
85 108
85 110
85 116
85 118
85 120
85 124
85 126
85 128
85 129
85 131
85 133
85 139
85 142
85 143
85 144
85 146
85 148
85 149
85 150
85 153
85 154
85 158
85 160
85 163
85 167
85 169
85 173
85 175
85 179
85 184
85 186
85 187
85 188
85 189
85 196
85 197
85 198
85 199
86 87
86 88
86 89
86 90
86 91
86 92
86 94
86 96
86 99
86 100
86 101
86 103
86 104
86 105
86 106
86 108
86 110
86 111
86 113
86 114
86 118
86 119
86 120
86 121
86 122
86 123
86 124
86 127
86 130
86 136
86 137
86 138
86 139
86 141
86 143
86 144
86 145
86 146
86 150
86 152
86 153
86 154
86 155
86 158
86 161
86 165
86 166
86 168
86 171
86 174
86 175
86 179
86 182
86 185
86 187
86 192
86 193
86 194
86 197
86 198
86 199
86 200
87 88
87 89
87 90
87 93
87 95
87 97
87 98
87 101
87 102
87 104
87 105
87 106
87 107
87 110
87 111
87 113
87 117
87 119
87 121
87 124
87 125
87 130
87 131
87 132
87 133
87 134
87 135
87 136
87 138
87 139
87 142
87 143
87 145
87 146
87 149
87 151
87 152
87 153
87 154
87 155
87 156
87 158
87 160
87 161
87 169
87 170
87 172
87 173
87 176
87 177
87 178
87 179
87 180
87 183
87 184
87 186
87 189
87 190
87 192
87 195
87 196
87 197
87 198
87 199
87 200
88 89
88 90
88 94
88 95
88 97
88 98
88 102
88 103
88 105
88 107
88 108
88 111
88 112
88 114
88 115
88 121
88 124
88 125
88 126
88 128
88 129
88 130
88 133
88 134
88 135
88 136
88 138
88 139
88 140
88 143
88 144
88 145
88 146
88 147
88 151
88 154
88 157
88 158
88 160
88 161
88 162
88 163
88 165
88 167
88 168
88 169
88 170
88 171
88 172
88 173
88 174
88 176
88 177
88 184
88 186
88 187
88 188
88 189
88 190
88 192
88 193
89 90
89 91
89 94
89 97
89 99
89 100
89 103
89 104
89 106
89 108
89 109
89 110
89 112
89 114
89 115
89 116
89 117
89 118
89 119
89 120
89 121
89 122
89 123
89 125
89 128
89 130
89 133
89 138
89 139
89 140
89 141
89 143
89 144
89 148
89 152
89 153
89 155
89 157
89 158
89 161
89 164
89 165
89 169
89 171
89 172
89 174
89 176
89 178
89 181
89 187
89 188
89 190
89 193
89 196
89 198
89 199
89 200
90 92
90 93
90 94
90 98
90 101
90 102
90 103
90 105
90 106
90 109
90 112
90 114
90 118
90 120
90 122
90 133
90 135
90 138
90 139
90 141
90 142
90 144
90 146
90 148
90 149
90 150
90 153
90 156
90 158
90 159
90 160
90 163
90 167
90 169
90 170
90 172
90 173
90 181
90 182
90 184
90 186
90 188
90 193
90 194
90 197
90 199
91 92
91 93
91 94
91 95
91 96
91 97
91 98
91 99
91 101
91 103
91 108
91 109
91 110
91 111
91 112
91 113
91 114
91 115
91 116
91 119
91 120
91 133
91 134
91 136
91 143
91 144
91 145
91 147
91 149
91 151
91 152
91 153
91 155
91 157
91 160
91 161
91 165
91 166
91 167
91 168
91 169
91 170
91 172
91 173
91 176
91 177
91 179
91 183
91 186
91 188
91 189
91 191
91 193
91 194
91 195
91 196
92 93
92 94
92 95
92 96
92 97
92 98
92 99
92 100
92 101
92 105
92 106
92 108
92 109
92 110
92 114
92 115
92 117
92 118
92 119
92 120
92 121
92 123
92 125
92 126
92 127
92 129
92 133
92 134
92 136
92 137
92 139
92 141
92 142
92 143
92 144
92 147
92 148
92 151
92 152
92 154
92 155
92 158
92 159
92 161
92 162
92 166
92 170
92 171
92 183
92 185
92 187
92 189
92 190
92 191
92 192
92 193
92 194
92 200
93 94
93 95
93 96
93 97
93 98
93 99
93 100
93 101
93 102
93 103
93 104
93 105
93 106
93 107
93 108
93 109
93 110
93 114
93 115
93 116
93 117
93 119
93 120
93 123
93 124
93 126
93 128
93 129
93 130
93 133
93 134
93 136
93 140
93 141
93 143
93 144
93 145
93 146
93 147
93 149
93 150
93 151
93 152
93 154
93 155
93 158
93 161
93 166
93 168
93 170
93 171
93 175
93 176
93 178
93 181
93 183
93 184
93 185
93 186
93 188
93 192
93 193
93 197
93 198
93 200
94 95
94 96
94 97
94 98
94 99
94 101
94 102
94 106
94 109
94 110
94 113
94 115
94 116
94 117
94 120
94 126
94 128
94 129
94 132
94 136
94 138
94 144
94 146
94 147
94 148
94 152
94 156
94 157
94 158
94 159
94 160
94 163
94 164
94 168
94 169
94 170
94 173
94 174
94 176
94 179
94 182
94 183
94 184
94 187
94 194
94 195
94 199
94 200
95 96
95 97
95 99
95 101
95 102
95 103
95 105
95 106
95 109
95 110
95 113
95 115
95 118
95 119
95 121
95 122
95 123
95 124
95 126
95 127
95 128
95 129
95 131
95 132
95 134
95 137
95 140
95 141
95 143
95 144
95 145
95 152
95 153
95 154
95 156
95 158
95 161
95 163
95 164
95 165
95 168
95 169
95 170
95 171
95 172
95 174
95 178
95 179
95 181
95 182
95 186
95 188
95 190
95 193
95 195
95 197
95 199
96 97
96 99
96 100
96 102
96 103
96 106
96 108
96 111
96 114
96 116
96 117
96 118
96 119
96 122
96 124
96 125
96 126
96 128
96 131
96 132
96 134
96 137
96 138
96 139
96 140
96 142
96 146
96 148
96 150
96 151
96 152
96 153
96 156
96 159
96 160
96 161
96 164
96 166
96 168
96 169
96 170
96 173
96 175
96 176
96 177
96 178
96 180
96 185
96 186
96 187
96 188
96 189
96 191
96 193
96 195
96 196
96 198
96 199
97 99
97 101
97 102
97 109
97 112
97 115
97 118
97 120
97 123
97 129
97 130
97 135
97 141
97 142
97 143
97 151
97 153
97 154
97 159
97 160
97 162
97 163
97 166
97 175
97 177
97 184
97 196
97 198
97 199
98 99
98 100
98 101
98 104
98 108
98 110
98 111
98 112
98 113
98 114
98 115
98 118
98 119
98 120
98 121
98 122
98 123
98 125
98 127
98 132
98 134
98 135
98 138
98 140
98 141
98 142
98 143
98 144
98 147
98 149
98 150
98 152
98 154
98 156
98 157
98 158
98 159
98 162
98 166
98 170
98 171
98 172
98 173
98 174
98 176
98 178
98 179
98 180
98 185
98 192
98 198
98 199
98 200
99 100
99 104
99 110
99 113
99 117
99 118
99 119
99 121
99 123
99 125
99 127
99 128
99 132
99 134
99 135
99 137
99 138
99 140
99 142
99 143
99 145
99 146
99 147
99 149
99 150
99 151
99 152
99 153
99 154
99 157
99 160
99 162
99 163
99 168
99 174
99 175
99 179
99 180
99 183
99 184
99 185
99 189
99 192
99 194
100 103
100 106
100 109
100 112
100 115
100 120
100 122
100 124
100 129
100 135
100 138
100 139
100 142
100 143
100 144
100 153
100 156
100 159
100 160
100 162
100 165
100 167
100 168
100 172
100 173
100 175
100 179
100 184
100 186
100 188
100 189
100 191
100 194
100 197
100 198
101 102
101 103
101 104
101 105
101 106
101 107
101 109
101 112
101 114
101 117
101 123
101 125
101 126
101 127
101 130
101 131
101 136
101 137
101 140
101 141
101 146
101 147
101 149
101 150
101 152
101 158
101 159
101 161
101 163
101 164
101 165
101 169
101 174
101 175
101 176
101 177
101 178
101 179
101 181
101 183
101 187
101 192
101 194
101 196
101 197
101 199
101 200
102 103
102 104
102 105
102 106
102 107
102 108
102 109
102 113
102 114
102 115
102 117
102 118
102 120
102 122
102 123
102 125
102 126
102 127
102 128
102 130
102 134
102 135
102 136
102 139
102 142
102 146
102 147
102 149
102 150
102 151
102 154
102 156
102 159
102 160
102 161
102 162
102 164
102 166
102 168
102 170
102 172
102 174
102 177
102 178
102 180
102 181
102 186
102 190
102 192
102 193
102 194
102 195
102 196
102 197
102 198
103 104
103 105
103 106
103 107
103 109
103 110
103 111
103 113
103 114
103 116
103 120
103 121
103 123
103 124
103 125
103 127
103 128
103 129
103 131
103 132
103 133
103 134
103 138
103 139
103 140
103 141
103 142
103 143
103 144
103 145
103 146
103 147
103 149
103 150
103 151
103 152
103 154
103 156
103 158
103 162
103 166
103 167
103 169
103 172
103 173
103 175
103 176
103 181
103 183
103 187
103 188
103 189
103 192
103 195
103 197
103 199
103 200
104 105
104 106
104 107
104 109
104 110
104 112
104 113
104 114
104 116
104 120
104 121
104 123
104 126
104 127
104 128
104 129
104 130
104 132
104 133
104 134
104 136
104 142
104 143
104 145
104 147
104 149
104 150
104 152
104 153
104 154
104 155
104 156
104 157
104 160
104 161
104 163
104 164
104 165
104 166
104 167
104 170
104 174
104 175
104 176
104 178
104 180
104 182
104 183
104 184
104 187
104 191
104 193
104 195
104 197
105 106
105 107
105 108
105 111
105 114
105 118
105 120
105 121
105 124
105 125
105 126
105 128
105 129
105 130
105 132
105 134
105 136
105 137
105 138
105 139
105 142
105 143
105 145
105 146
105 150
105 152
105 153
105 154
105 155
105 156
105 157
105 161
105 163
105 164
105 170
105 171
105 175
105 178
105 183
105 184
105 186
105 187
105 188
105 189
105 190
105 191
105 192
105 195
105 196
105 197
105 198
105 200
106 107
106 111
106 113
106 114
106 115
106 116
106 118
106 120
106 121
106 123
106 126
106 127
106 130
106 131
106 133
106 135
106 136
106 137
106 138
106 140
106 141
106 144
106 145
106 147
106 149
106 151
106 152
106 154
106 155
106 156
106 158
106 164
106 165
106 166
106 167
106 170
106 171
106 172
106 179
106 180
106 181
106 183
106 185
106 186
106 187
106 188
106 191
106 192
106 195
106 196
106 197
106 198
106 199
107 112
107 115
107 116
107 118
107 122
107 123
107 128
107 130
107 138
107 139
107 142
107 144
107 150
107 151
107 153
107 154
107 158
107 160
107 163
107 166
107 168
107 169
107 172
107 173
107 175
107 180
107 184
107 186
107 188
107 189
107 191
107 193
107 196
107 197
107 198
107 199
108 109
108 110
108 111
108 112
108 113
108 116
108 119
108 120
108 121
108 123
108 124
108 125
108 129
108 131
108 132
108 133
108 134
108 135
108 137
108 138
108 140
108 141
108 146
108 147
108 152
108 154
108 161
108 162
108 164
108 166
108 168
108 169
108 171
108 172
108 173
108 175
108 177
108 180
108 181
108 182
108 184
108 186
108 187
108 188
108 189
108 191
108 192
108 193
108 194
108 197
108 198
108 200
109 110
109 111
109 114
109 118
109 119
109 120
109 121
109 122
109 123
109 127
109 128
109 129
109 132
109 133
109 135
109 137
109 142
109 143
109 145
109 147
109 148
109 149
109 150
109 151
109 156
109 158
109 159
109 160
109 161
109 162
109 163
109 164
109 166
109 167
109 169
109 174
109 178
109 179
109 184
109 185
109 189
109 190
109 193
109 195
109 196
109 199
109 200
110 111
110 112
110 113
110 114
110 121
110 122
110 126
110 131
110 133
110 134
110 137
110 139
110 140
110 142
110 146
110 148
110 153
110 157
110 161
110 164
110 165
110 167
110 170
110 172
110 181
110 182
110 183
110 185
110 187
110 188
110 190
110 192
110 193
110 194
110 195
110 197
110 199
111 114
111 116
111 118
111 120
111 122
111 124
111 126
111 128
111 129
111 133
111 135
111 138
111 141
111 142
111 143
111 144
111 148
111 149
111 153
111 154
111 156
111 162
111 165
111 167
111 168
111 173
111 175
111 177
111 179
111 180
111 184
111 186
111 187
111 189
111 191
111 193
111 196
111 198
111 199
112 113
112 116
112 117
112 118
112 121
112 123
112 127
112 128
112 131
112 132
112 138
112 139
112 141
112 142
112 143
112 145
112 147
112 148
112 149
112 152
112 155
112 156
112 158
112 159
112 160
112 161
112 164
112 165
112 168
112 170
112 171
112 175
112 177
112 178
112 179
112 180
112 181
112 182
112 183
112 185
112 186
112 187
112 189
112 191
112 192
112 194
112 198
112 199
112 200
113 115
113 118
113 120
113 122
113 123
113 126
113 129
113 138
113 139
113 141
113 142
113 143
113 146
113 151
113 154
113 156
113 158
113 168
113 169
113 170
113 173
113 175
113 177
113 180
113 182
113 184
113 187
113 188
113 197
114 115
114 116
114 117
114 118
114 120
114 126
114 127
114 133
114 134
114 135
114 136
114 138
114 139
114 140
114 141
114 143
114 145
114 146
114 147
114 150
114 158
114 159
114 160
114 161
114 162
114 163
114 165
114 166
114 168
114 170
114 173
114 175
114 176
114 178
114 181
114 182
114 183
114 184
114 186
114 189
114 190
114 192
114 194
114 195
114 196
114 197
114 198
115 116
115 117
115 120
115 121
115 122
115 124
115 125
115 127
115 128
115 130
115 132
115 137
115 139
115 140
115 142
115 144
115 145
115 147
115 149
115 150
115 153
115 157
115 159
115 162
115 164
115 165
115 167
115 172
115 174
115 175
115 176
115 177
115 184
115 185
115 186
115 188
115 194
115 196
115 197
115 199
115 200
116 117
116 119
116 125
116 128
116 129
116 130
116 132
116 133
116 134
116 135
116 139
116 140
116 141
116 142
116 143
116 146
116 147
116 148
116 150
116 151
116 153
116 157
116 158
116 160
116 161
116 163
116 165
116 168
116 169
116 170
116 176
116 177
116 178
116 182
116 183
116 186
116 187
116 188
116 190
116 191
116 192
116 194
116 200
117 118
117 122
117 123
117 124
117 126
117 129
117 130
117 131
117 133
117 135
117 136
117 139
117 144
117 146
117 148
117 151
117 154
117 156
117 158
117 160
117 162
117 167
117 168
117 173
117 175
117 177
117 180
117 181
117 189
117 191
117 194
117 199
118 119
118 120
118 121
118 122
118 127
118 128
118 130
118 131
118 132
118 133
118 136
118 137
118 139
118 141
118 142
118 143
118 146
118 147
118 149
118 150
118 153
118 154
118 155
118 156
118 160
118 161
118 163
118 168
118 169
118 170
118 174
118 179
118 180
118 182
118 184
118 186
118 189
118 191
118 192
118 193
118 194
118 196
118 197
118 198
118 199
118 200
119 120
119 123
119 124
119 126
119 128
119 129
119 131
119 133
119 136
119 138
119 139
119 141
119 142
119 143
119 144
119 146
119 148
119 151
119 162
119 163
119 166
119 167
119 169
119 170
119 172
119 175
119 179
119 180
119 188
119 191
119 193
119 196
119 197
119 198
120 121
120 122
120 128
120 130
120 131
120 134
120 137
120 138
120 140
120 141
120 145
120 149
120 150
120 152
120 153
120 154
120 155
120 160
120 161
120 162
120 163
120 165
120 167
120 168
120 170
120 173
120 174
120 176
120 179
120 180
120 182
120 184
120 187
120 193
120 195
120 196
120 197
120 200
121 122
121 123
121 124
121 126
121 129
121 136
121 138
121 139
121 142
121 144
121 146
121 148
121 150
121 156
121 158
121 159
121 160
121 166
121 168
121 169
121 172
121 173
121 177
121 179
121 186
121 187
121 188
121 191
121 193
121 199
122 123
122 124
122 125
122 126
122 130
122 131
122 133
122 135
122 137
122 139
122 140
122 143
122 144
122 145
122 146
122 148
122 151
122 152
122 156
122 157
122 158
122 162
122 163
122 165
122 167
122 170
122 172
122 173
122 174
122 178
122 179
122 182
122 183
122 184
122 186
122 187
122 192
122 194
122 198
122 199
122 200
123 124
123 125
123 126
123 127
123 128
123 131
123 132
123 136
123 139
123 140
123 141
123 143
123 147
123 150
123 151
123 154
123 155
123 158
123 164
123 165
123 169
123 170
123 173
123 174
123 176
123 177
123 178
123 179
123 181
123 184
123 186
123 188
123 194
123 196
123 199
123 200
124 125
124 127
124 129
124 130
124 132
124 135
124 137
124 138
124 142
124 143
124 144
124 149
124 151
124 152
124 154
124 155
124 156
124 158
124 160
124 161
124 163
124 169
124 170
124 171
124 172
124 175
124 176
124 177
124 179
124 180
124 186
124 187
124 188
124 189
124 194
124 195
124 196
124 197
124 200
125 126
125 128
125 131
125 133
125 138
125 139
125 143
125 146
125 148
125 149
125 151
125 153
125 156
125 159
125 163
125 165
125 168
125 169
125 170
125 173
125 179
125 180
125 181
125 182
125 186
125 187
125 189
125 196
125 197
125 198
125 199
126 127
126 128
126 131
126 133
126 137
126 138
126 139
126 141
126 143
126 144
126 145
126 146
126 147
126 149
126 153
126 155
126 156
126 157
126 158
126 159
126 162
126 163
126 166
126 168
126 169
126 172
126 173
126 175
126 176
126 178
126 179
126 180
126 181
126 182
126 187
126 190
126 192
126 193
126 194
126 198
126 199
127 128
127 130
127 131
127 133
127 139
127 141
127 142
127 144
127 148
127 149
127 150
127 151
127 153
127 156
127 160
127 162
127 165
127 169
127 170
127 173
127 177
127 179
127 181
127 184
127 187
127 196
127 198
127 199
128 129
128 130
128 131
128 132
128 133
128 134
128 135
128 138
128 140
128 141
128 144
128 146
128 147
128 148
128 149
128 150
128 151
128 155
128 158
128 160
128 165
128 167
128 169
128 171
128 173
128 174
128 175
128 176
128 177
128 181
128 182
128 183
128 184
128 188
128 192
128 193
128 195
128 197
128 198
128 200
129 130
129 131
129 132
129 133
129 135
129 139
129 140
129 146
129 148
129 149
129 152
129 153
129 155
129 156
129 157
129 159
129 164
129 165
129 166
129 168
129 169
129 170
129 171
129 173
129 174
129 180
129 181
129 182
129 185
129 189
129 195
129 196
129 197
129 198
129 199
129 200
130 131
130 132
130 133
130 134
130 135
130 138
130 139
130 141
130 143
130 145
130 146
130 149
130 150
130 153
130 154
130 155
130 158
130 159
130 162
130 165
130 166
130 167
130 168
130 169
130 170
130 173
130 177
130 179
130 181
130 182
130 186
130 189
130 193
130 197
130 199
131 132
131 134
131 136
131 137
131 139
131 140
131 143
131 144
131 146
131 147
131 148
131 149
131 150
131 151
131 152
131 153
131 156
131 160
131 162
131 163
131 164
131 165
131 167
131 171
131 175
131 180
131 181
131 182
131 183
131 184
131 185
131 188
131 190
131 192
131 193
131 194
131 196
131 200
132 138
132 139
132 143
132 144
132 148
132 149
132 151
132 153
132 154
132 160
132 163
132 165
132 167
132 169
132 170
132 173
132 175
132 179
132 181
132 182
132 184
132 187
132 196
132 197
132 198
132 199
133 134
133 138
133 139
133 140
133 143
133 146
133 147
133 148
133 149
133 152
133 153
133 154
133 156
133 157
133 158
133 159
133 160
133 161
133 162
133 163
133 164
133 166
133 167
133 168
133 169
133 170
133 171
133 172
133 173
133 177
133 178
133 179
133 180
133 181
133 182
133 183
133 184
133 188
133 189
133 190
133 198
133 199
133 200
134 135
134 136
134 143
134 144
134 150
134 154
134 160
134 162
134 167
134 168
134 169
134 170
134 172
134 173
134 175
134 177
134 180
134 187
134 188
134 191
134 193
134 197
134 198
134 199
135 136
135 137
135 138
135 140
135 141
135 142
135 144
135 145
135 147
135 148
135 149
135 150
135 151
135 153
135 154
135 157
135 160
135 162
135 163
135 164
135 165
135 166
135 168
135 176
135 177
135 179
135 183
135 185
135 188
135 189
135 190
135 192
135 193
135 194
135 195
135 196
135 198
136 137
136 138
136 142
136 143
136 145
136 150
136 152
136 154
136 157
136 159
136 161
136 162
136 164
136 168
136 170
136 172
136 176
136 177
136 181
136 182
136 183
136 188
136 189
136 190
136 192
136 193
136 195
136 196
137 138
137 141
137 143
137 146
137 148
137 150
137 154
137 159
137 160
137 162
137 165
137 166
137 168
137 170
137 184
137 187
137 193
137 194
137 197
137 199
138 139
138 140
138 144
138 147
138 149
138 150
138 152
138 155
138 156
138 158
138 159
138 160
138 161
138 165
138 169
138 170
138 171
138 172
138 173
138 175
138 179
138 184
138 185
138 188
138 189
138 190
138 193
138 194
138 195
138 197
138 198
138 199
139 140
139 144
139 145
139 146
139 147
139 148
139 149
139 151
139 152
139 154
139 156
139 157
139 159
139 160
139 162
139 164
139 166
139 167
139 168
139 171
139 172
139 174
139 179
139 180
139 181
139 182
139 183
139 184
139 185
139 188
139 189
139 192
139 195
139 196
139 197
139 198
140 144
140 146
140 148
140 150
140 151
140 153
140 154
140 160
140 162
140 163
140 166
140 167
140 168
140 173
140 177
140 181
140 186
140 189
140 193
140 194
140 196
141 142
141 143
141 144
141 145
141 147
141 148
141 150
141 151
141 153
141 155
141 156
141 157
141 158
141 159
141 161
141 163
141 164
141 166
141 167
141 168
141 169
141 171
141 176
141 177
141 178
141 180
141 181
141 182
141 183
141 184
141 185
141 187
141 189
141 190
141 192
141 193
141 196
141 197
141 199
141 200
142 143
142 144
142 145
142 147
142 150
142 152
142 153
142 154
142 155
142 160
142 162
142 163
142 164
142 165
142 170
142 171
142 174
142 175
142 176
142 180
142 183
142 186
142 188
142 191
142 193
142 194
142 195
142 197
142 200
143 144
143 145
143 146
143 147
143 149
143 151
143 152
143 154
143 158
143 161
143 163
143 164
143 166
143 167
143 168
143 169
143 170
143 172
143 174
143 181
143 183
143 185
143 190
143 193
143 197
143 198
143 199
144 145
144 146
144 147
144 148
144 149
144 152
144 154
144 162
144 163
144 164
144 166
144 167
144 168
144 169
144 170
144 171
144 172
144 173
144 175
144 176
144 178
144 179
144 181
144 185
144 186
144 187
144 188
144 191
144 193
144 196
144 197
145 148
145 154
145 158
145 159
145 162
145 165
145 166
145 167
145 168
145 173
145 179
145 180
145 184
145 186
145 189
145 191
145 196
145 198
146 147
146 149
146 151
146 153
146 154
146 155
146 156
146 157
146 159
146 162
146 163
146 165
146 166
146 167
146 169
146 170
146 173
146 175
146 178
146 180
146 181
146 183
146 184
146 189
146 191
146 192
146 194
146 198
147 151
147 153
147 154
147 156
147 158
147 163
147 165
147 167
147 169
147 172
147 173
147 179
147 180
147 181
147 184
147 188
147 191
147 193
147 194
148 149
148 150
148 151
148 152
148 154
148 158
148 161
148 162
148 163
148 164
148 166
148 167
148 169
148 171
148 172
148 176
148 179
148 181
148 187
148 191
148 193
148 198
148 199
148 200
149 150
149 151
149 152
149 153
149 154
149 156
149 165
149 168
149 170
149 171
149 173
149 174
149 176
149 177
149 178
149 179
149 180
149 181
149 182
149 183
149 184
149 189
149 193
149 195
149 197
149 198
150 151
150 152
150 153
150 154
150 155
150 158
150 160
150 161
150 163
150 164
150 167
150 168
150 170
150 171
150 173
150 176
150 178
150 180
150 181
150 183
150 184
150 185
150 188
150 189
150 191
150 192
150 194
150 196
150 197
150 198
150 199
150 200
151 152
151 155
151 158
151 159
151 161
151 165
151 168
151 172
151 173
151 174
151 175
151 176
151 177
151 179
151 183
151 186
151 187
151 188
151 189
151 190
151 192
151 195
151 196
151 197
151 198
151 199
151 200
152 153
152 154
152 156
152 162
152 166
152 169
152 170
152 172
152 179
152 182
152 186
152 188
152 191
152 193
152 194
152 196
152 197
152 198
152 199
153 154
153 155
153 156
153 157
153 159
153 160
153 165
153 166
153 167
153 168
153 171
153 172
153 173
153 174
153 175
153 178
153 179
153 182
153 185
153 187
153 188
153 191
153 192
153 193
153 194
153 195
153 197
153 198
154 155
154 156
154 157
154 158
154 159
154 161
154 165
154 166
154 169
154 173
154 174
154 178
154 179
154 181
154 182
154 183
154 184
154 186
154 187
154 188
154 189
154 190
154 192
154 193
154 194
154 196
154 198
154 199
154 200
155 158
155 159
155 162
155 165
155 166
155 167
155 168
155 169
155 170
155 172
155 173
155 175
155 181
155 186
155 187
155 189
156 157
156 162
156 163
156 164
156 166
156 168
156 169
156 172
156 173
156 177
156 178
156 180
156 183
156 184
156 187
156 190
156 191
156 192
156 193
156 194
156 196
156 197
156 199
156 200
157 162
157 163
157 166
157 168
157 170
157 173
157 175
157 177
157 180
157 181
157 186
157 193
157 196
157 197
157 198
158 159
158 160
158 161
158 163
158 166
158 167
158 168
158 173
158 177
158 180
158 181
158 183
158 185
158 188
158 190
158 192
158 194
158 196
158 197
158 198
158 200
159 160
159 161
159 162
159 163
159 164
159 166
159 168
159 173
159 176
159 180
159 183
159 185
159 189
159 191
159 194
159 195
159 197
159 200
160 161
160 162
160 164
160 167
160 169
160 170
160 171
160 175
160 176
160 177
160 178
160 179
160 180
160 181
160 182
160 183
160 184
160 185
160 188
160 189
160 190
160 192
160 196
160 198
160 200
161 162
161 163
161 169
161 173
161 175
161 180
161 181
161 184
161 186
161 196
161 197
162 163
162 164
162 166
162 167
162 168
162 169
162 173
162 174
162 175
162 176
162 179
162 181
162 182
162 184
162 185
162 189
162 190
162 191
162 195
162 196
162 198
162 199
163 164
163 165
163 166
163 167
163 170
163 171
163 173
163 174
163 175
163 177
163 178
163 180
163 181
163 182
163 184
163 187
163 188
163 189
163 191
163 193
163 195
163 197
163 198
163 200
164 165
164 167
164 168
164 169
164 177
164 180
164 181
164 186
164 187
164 189
164 193
164 194
164 197
164 199
165 166
165 167
165 168
165 169
165 170
165 171
165 172
165 175
165 176
165 177
165 178
165 179
165 182
165 183
165 187
165 188
165 189
165 191
165 192
165 194
165 196
165 198
165 199
165 200
166 167
166 168
166 169
166 170
166 171
166 172
166 175
166 177
166 178
166 179
166 181
166 182
166 183
166 184
166 185
166 186
166 187
166 188
166 190
166 191
166 193
166 194
166 196
166 200
167 168
167 169
167 170
167 171
167 174
167 175
167 177
167 179
167 180
167 181
167 182
167 183
167 184
167 185
167 188
167 189
167 191
167 192
167 194
167 195
167 198
167 200
168 169
168 170
168 171
168 173
168 174
168 175
168 176
168 180
168 185
168 186
168 187
168 189
168 191
168 192
168 196
168 197
169 170
169 171
169 173
169 179
169 181
169 182
169 185
169 186
169 187
169 188
169 189
169 190
169 193
169 195
169 196
169 198
169 199
169 200
170 171
170 172
170 173
170 177
170 180
170 182
170 183
170 185
170 186
170 190
170 191
170 195
170 197
170 199
171 172
171 173
171 175
171 180
171 181
171 186
171 188
171 191
171 194
171 197
171 198
171 199
172 173
172 174
172 178
172 179
172 180
172 186
172 191
172 195
172 198
172 199
172 200
173 174
173 176
173 177
173 178
173 179
173 182
173 183
173 184
173 185
173 188
173 191
173 193
173 198
173 199
173 200
174 175
174 177
174 186
174 189
174 191
174 193
174 197
175 176
175 177
175 178
175 179
175 180
175 182
175 183
175 185
175 187
175 188
175 189
175 190
175 191
175 192
175 194
175 195
175 196
175 197
175 198
175 199
175 200
176 186
176 188
176 189
176 191
176 194
176 197
176 199
177 178
177 179
177 182
177 184
177 185
177 193
177 195
177 196
177 198
177 200
178 179
178 180
178 181
178 182
178 184
178 187
178 189
178 191
178 193
178 194
178 196
178 197
178 199
179 180
179 181
179 182
179 183
179 184
179 185
179 188
179 190
179 192
179 193
179 194
179 195
179 197
179 199
179 200
180 181
180 182
180 183
180 184
180 185
180 186
180 188
180 189
180 190
180 191
180 192
180 193
180 197
180 198
180 200
181 182
181 183
181 187
181 189
181 194
181 195
181 197
181 198
181 200
182 183
182 185
182 186
182 188
182 189
182 190
182 194
182 196
182 198
182 200
183 184
183 186
183 187
183 193
183 194
183 196
183 197
183 198
183 199
184 185
184 188
184 192
184 193
184 195
184 197
185 186
185 191
185 194
185 196
185 199
186 187
186 188
186 189
186 190
186 191
186 193
186 196
186 199
186 200
187 188
187 189
187 190
187 191
187 195
187 198
187 199
187 200
188 189
188 190
188 191
188 196
188 197
189 190
189 194
189 195
189 199
189 200
190 194
191 192
191 193
191 194
191 195
191 196
191 197
191 199
192 197
192 199
193 194
193 195
193 196
193 197
194 195
194 199
194 200
195 199
196 197
196 198
196 199
196 200
197 198
197 199
197 200
198 199
198 200
199 200
