1 2
1 3
1 4
1 5
1 6
1 7
1 8
1 9
1 10
1 11
1 12
1 13
1 14
1 15
1 16
1 17
1 18
1 19
1 20
1 21
1 22
1 23
1 24
1 25
1 26
1 27
1 28
1 29
1 30
1 31
1 32
1 33
1 34
1 35
1 36
1 37
1 38
1 39
1 40
1 41
1 42
1 43
1 44
1 45
1 46
1 48
1 49
1 54
1 55
1 56
1 58
1 59
1 60
1 61
1 64
1 73
1 74
1 76
1 77
1 81
1 82
1 83
1 84
1 86
1 87
1 89
1 92
1 93
1 94
1 95
1 97
1 101
1 102
1 105
1 126
1 128
1 133
1 135
1 136
1 137
1 139
1 140
1 141
1 144
1 153
1 155
1 157
1 158
1 164
1 165
1 166
1 167
1 173
1 175
1 176
1 178
2 3
2 4
2 6
2 7
2 9
2 10
2 11
2 12
2 14
2 15
2 17
2 21
2 22
2 27
2 29
2 30
2 33
2 39
2 48
2 49
2 51
2 54
2 55
2 58
2 59
2 60
2 61
2 64
2 73
2 74
2 75
2 76
2 77
2 79
2 80
2 81
2 82
2 83
2 86
2 87
2 89
2 91
2 92
2 94
2 95
2 98
2 99
2 103
2 104
2 105
2 127
2 128
2 134
2 135
2 136
2 137
2 142
2 143
2 147
2 153
2 154
2 155
2 164
2 165
2 166
2 171
2 172
2 174
2 175
2 179
2 181
2 187
2 196
3 22
3 48
3 55
3 64
3 82
3 84
3 88
3 98
3 142
3 172
4 3
4 6
4 7
4 10
4 15
4 17
4 21
4 22
4 27
4 29
4 48
4 49
4 54
4 55
4 57
4 58
4 59
4 64
4 74
4 75
4 80
4 81
4 82
4 87
4 92
4 94
4 105
4 127
4 134
4 142
4 153
4 154
4 168
4 169
4 172
4 181
4 187
4 192
4 196
4 200
5 20
5 21
5 28
5 31
5 36
5 38
5 52
5 70
5 100
5 101
5 105
5 113
5 149
5 165
5 169
5 178
5 201
6 3
6 7
6 10
6 15
6 17
6 21
6 22
6 27
6 29
6 30
6 39
6 48
6 49
6 54
6 55
6 57
6 58
6 59
6 64
6 74
6 75
6 78
6 79
6 80
6 81
6 82
6 83
6 84
6 87
6 88
6 92
6 93
6 94
6 98
6 105
6 127
6 134
6 139
6 141
6 142
6 146
6 147
6 153
6 154
6 165
6 168
6 169
6 171
6 172
6 176
6 179
6 180
6 181
6 184
6 187
6 188
6 196
6 200
7 4
7 6
7 9
7 10
7 11
7 12
7 14
7 15
7 17
7 21
7 22
7 27
7 29
7 48
7 49
7 54
7 55
7 58
7 59
7 60
7 61
7 64
7 74
7 75
7 77
7 79
7 80
7 82
7 83
7 84
7 86
7 87
7 89
7 91
7 92
7 94
7 95
7 127
7 128
7 131
7 136
7 142
7 143
7 147
7 153
7 154
7 155
7 164
7 165
7 166
7 168
7 169
7 171
7 172
7 175
7 187
7 200
8 5
8 13
8 16
8 20
8 21
8 28
8 31
8 32
8 36
8 38
8 43
8 44
8 45
8 101
8 158
8 165
8 178
9 3
9 4
9 6
9 7
9 10
9 11
9 12
9 14
9 15
9 17
9 21
9 22
9 27
9 29
9 30
9 33
9 48
9 49
9 54
9 55
9 58
9 59
9 60
9 61
9 64
9 74
9 75
9 76
9 77
9 78
9 79
9 80
9 81
9 82
9 83
9 84
9 86
9 87
9 88
9 89
9 91
9 92
9 93
9 94
9 95
9 98
9 99
9 105
9 127
9 128
9 134
9 136
9 137
9 141
9 142
9 143
9 153
9 155
9 164
9 165
9 166
9 171
9 172
9 174
9 175
9 179
9 183
9 184
9 188
9 196
10 7
10 15
10 17
10 21
10 22
10 27
10 29
10 30
10 39
10 48
10 49
10 54
10 55
10 57
10 58
10 59
10 64
10 75
10 79
10 80
10 81
10 82
10 83
10 84
10 87
10 92
10 94
10 105
10 127
10 134
10 142
10 153
10 154
10 165
10 168
10 169
10 171
10 172
10 176
10 180
10 187
10 188
11 3
11 4
11 6
11 7
11 10
11 12
11 14
11 15
11 17
11 21
11 22
11 27
11 29
11 48
11 49
11 54
11 55
11 57
11 58
11 59
11 60
11 61
11 64
11 74
11 75
11 76
11 77
11 78
11 79
11 80
11 81
11 82
11 83
11 84
11 86
11 87
11 88
11 89
11 91
11 92
11 93
11 94
11 95
11 98
11 99
11 127
11 128
11 134
11 136
11 141
11 142
11 143
11 148
11 153
11 154
11 155
11 164
11 165
11 166
11 172
11 179
11 184
11 193
11 200
12 3
12 4
12 6
12 7
12 10
12 14
12 15
12 17
12 22
12 27
12 29
12 48
12 49
12 54
12 55
12 57
12 58
12 59
12 60
12 61
12 64
12 74
12 75
12 76
12 77
12 78
12 79
12 80
12 82
12 83
12 84
12 86
12 87
12 88
12 89
12 91
12 92
12 93
12 94
12 95
12 96
12 98
12 99
12 127
12 128
12 134
12 136
12 141
12 142
12 143
12 148
12 153
12 155
12 164
12 165
12 166
12 168
12 169
12 172
12 184
12 185
12 187
12 192
12 193
13 5
13 16
13 20
13 21
13 28
13 31
13 32
13 36
13 38
13 43
13 44
13 45
13 52
13 100
13 101
13 108
13 144
13 149
13 158
13 165
13 169
13 178
13 190
13 201
14 4
14 6
14 7
14 10
14 15
14 17
14 21
14 22
14 27
14 29
14 48
14 49
14 54
14 55
14 58
14 59
14 60
14 61
14 64
14 74
14 76
14 77
14 79
14 80
14 81
14 82
14 83
14 84
14 86
14 87
14 89
14 91
14 92
14 94
14 95
14 99
14 105
14 127
14 128
14 134
14 136
14 139
14 142
14 143
14 146
14 147
14 153
14 155
14 164
14 165
14 166
14 169
14 175
14 176
14 196
14 200
15 21
15 22
15 29
15 30
15 48
15 54
15 55
15 58
15 64
15 80
15 81
15 82
15 84
15 88
15 142
15 153
15 154
15 168
15 171
15 172
16 5
16 20
16 21
16 27
16 28
16 31
16 32
16 36
16 38
16 43
16 44
16 45
16 52
16 101
16 144
16 158
16 164
16 165
16 169
16 178
16 187
17 7
17 15
17 22
17 27
17 29
17 30
17 39
17 48
17 54
17 55
17 58
17 59
17 64
17 78
17 79
17 80
17 82
17 83
17 84
17 87
17 88
17 93
17 94
17 98
17 105
17 127
17 141
17 142
17 153
17 165
17 172
17 193
18 5
18 8
18 13
18 16
18 19
18 20
18 21
18 24
18 28
18 31
18 32
18 34
18 36
18 37
18 38
18 43
18 44
18 45
18 46
18 100
18 101
18 102
18 138
18 158
18 164
18 165
18 178
19 5
19 8
19 13
19 16
19 20
19 21
19 24
19 28
19 31
19 32
19 34
19 36
19 37
19 38
19 43
19 44
19 45
19 46
19 52
19 69
19 101
19 102
19 125
19 126
19 140
19 144
19 145
19 149
19 150
19 158
19 164
19 165
19 167
19 178
19 187
20 21
20 28
20 31
21 22
21 28
21 31
21 48
21 58
21 172
21 183
22 29
22 48
22 84
22 88
22 142
22 168
23 2
23 4
23 6
23 7
23 9
23 10
23 11
23 12
23 14
23 15
23 17
23 21
23 22
23 25
23 26
23 27
23 29
23 33
23 35
23 40
23 41
23 48
23 49
23 51
23 54
23 55
23 58
23 59
23 60
23 61
23 62
23 64
23 73
23 74
23 76
23 77
23 78
23 79
23 80
23 81
23 82
23 83
23 84
23 85
23 86
23 87
23 88
23 89
23 90
23 91
23 92
23 93
23 94
23 95
23 96
23 97
23 98
23 99
23 103
23 105
23 127
23 128
23 133
23 134
23 135
23 136
23 137
23 141
23 142
23 143
23 153
23 155
23 156
23 157
23 164
23 165
23 166
23 172
23 173
23 181
23 189
24 5
24 8
24 13
24 16
24 20
24 21
24 28
24 31
24 32
24 34
24 36
24 37
24 38
24 43
24 44
24 45
24 46
24 52
24 69
24 100
24 101
24 102
24 125
24 126
24 140
24 144
24 145
24 158
24 165
24 167
24 178
25 2
25 3
25 4
25 6
25 7
25 9
25 10
25 11
25 12
25 14
25 15
25 17
25 21
25 22
25 26
25 27
25 29
25 30
25 33
25 35
25 39
25 40
25 41
25 48
25 49
25 51
25 54
25 55
25 57
25 58
25 59
25 60
25 61
25 62
25 64
25 73
25 74
25 75
25 76
25 77
25 79
25 80
25 81
25 82
25 83
25 84
25 86
25 87
25 89
25 90
25 91
25 92
25 94
25 95
25 97
25 99
25 103
25 104
25 105
25 127
25 128
25 133
25 134
25 135
25 136
25 137
25 139
25 141
25 142
25 143
25 146
25 147
25 153
25 154
25 155
25 157
25 164
25 165
25 166
25 168
25 169
25 171
25 172
25 173
25 175
25 181
25 183
25 187
25 189
25 192
25 196
26 2
26 4
26 6
26 7
26 9
26 10
26 11
26 12
26 14
26 15
26 17
26 21
26 22
26 27
26 35
26 40
26 41
26 48
26 49
26 51
26 54
26 55
26 58
26 59
26 60
26 61
26 64
26 73
26 74
26 75
26 76
26 77
26 78
26 79
26 80
26 81
26 82
26 83
26 84
26 85
26 86
26 87
26 88
26 89
26 90
26 91
26 92
26 93
26 94
26 95
26 97
26 98
26 99
26 104
26 127
26 133
26 134
26 135
26 136
26 137
26 141
26 142
26 143
26 148
26 153
26 154
26 155
26 157
26 164
26 165
26 166
26 168
26 171
26 172
26 173
26 174
26 184
26 185
26 192
26 193
27 3
27 15
27 20
27 21
27 22
27 28
27 29
27 30
27 39
27 48
27 54
27 55
27 58
27 64
27 80
27 81
27 82
27 84
27 88
27 93
27 94
27 98
27 127
27 142
27 153
27 154
27 172
27 193
27 200
28 31
30 162
32 5
32 20
32 21
32 28
32 31
32 36
32 43
32 44
32 144
32 158
32 187
32 190
33 4
33 6
33 7
33 10
33 11
33 12
33 14
33 15
33 17
33 22
33 27
33 29
33 54
33 55
33 58
33 60
33 61
33 64
33 77
33 81
33 127
33 142
33 164
33 165
34 5
34 8
34 13
34 16
34 20
34 21
34 28
34 31
34 32
34 36
34 37
34 38
34 43
34 44
34 45
34 46
34 52
34 100
34 101
34 102
34 125
34 126
34 144
34 150
34 158
34 164
34 165
34 178
34 187
34 190
35 2
35 4
35 6
35 7
35 9
35 10
35 11
35 12
35 14
35 15
35 17
35 21
35 22
35 27
35 29
35 30
35 33
35 39
35 40
35 41
35 48
35 49
35 51
35 54
35 55
35 58
35 59
35 60
35 61
35 64
35 73
35 74
35 75
35 76
35 77
35 78
35 79
35 80
35 81
35 82
35 83
35 84
35 86
35 87
35 88
35 89
35 91
35 92
35 93
35 94
35 95
35 96
35 97
35 98
35 99
35 103
35 104
35 105
35 106
35 127
35 128
35 131
35 134
35 135
35 136
35 141
35 142
35 143
35 148
35 152
35 153
35 155
35 157
35 164
35 165
35 166
35 168
35 172
35 173
35 179
35 181
35 184
35 185
35 193
35 196
36 20
36 21
36 28
36 31
36 38
37 5
37 8
37 13
37 16
37 20
37 21
37 27
37 28
37 31
37 32
37 36
37 38
37 43
37 44
37 45
37 46
37 52
37 70
37 100
37 101
37 102
37 108
37 144
37 149
37 150
37 158
37 164
37 165
37 169
37 178
38 21
39 11
39 12
39 15
39 26
39 30
39 48
39 54
39 59
39 73
39 77
39 82
39 84
39 88
39 92
39 93
39 97
39 99
39 153
40 2
40 3
40 4
40 6
40 7
40 9
40 10
40 11
40 12
40 14
40 15
40 17
40 21
40 22
40 27
40 39
40 41
40 48
40 49
40 51
40 54
40 55
40 57
40 58
40 59
40 60
40 61
40 64
40 73
40 74
40 76
40 77
40 79
40 80
40 81
40 82
40 83
40 84
40 86
40 87
40 89
40 91
40 92
40 94
40 95
40 97
40 98
40 99
40 103
40 127
40 128
40 134
40 136
40 139
40 143
40 146
40 147
40 153
40 154
40 155
40 157
40 164
40 166
40 168
40 169
40 171
40 172
40 173
40 176
40 179
40 187
40 196
41 2
41 3
41 4
41 6
41 7
41 9
41 10
41 11
41 12
41 14
41 15
41 17
41 21
41 22
41 27
41 29
41 30
41 33
41 48
41 49
41 51
41 54
41 55
41 58
41 59
41 60
41 61
41 64
41 73
41 74
41 75
41 76
41 77
41 79
41 80
41 81
41 82
41 83
41 84
41 86
41 87
41 88
41 89
41 91
41 92
41 94
41 95
41 99
41 105
41 106
41 127
41 128
41 134
41 135
41 136
41 137
41 139
41 142
41 143
41 153
41 154
41 155
41 157
41 164
41 165
41 166
41 168
41 169
41 172
41 173
41 175
41 179
41 180
41 196
42 5
42 8
42 13
42 16
42 18
42 19
42 20
42 21
42 24
42 36
42 37
42 45
42 46
42 52
42 69
42 100
42 101
42 102
42 125
42 126
42 140
42 144
42 145
42 149
42 158
42 165
42 167
42 178
43 5
43 20
43 21
43 27
43 28
43 31
43 36
44 5
44 20
44 21
44 28
44 31
44 36
44 43
45 5
45 20
45 21
45 28
45 31
45 32
45 44
45 52
45 70
45 100
45 101
45 108
45 144
45 149
45 158
45 165
46 5
46 8
46 13
46 16
46 20
46 21
46 28
46 31
46 32
46 36
46 43
46 44
46 45
46 52
46 100
46 101
46 105
46 108
46 144
46 150
46 158
46 165
46 178
47 35
47 48
47 49
47 106
47 152
48 30
48 88
48 162
48 168
48 199
49 3
49 15
49 17
49 21
49 22
49 27
49 30
49 39
49 48
49 53
49 54
49 55
49 57
49 58
49 59
49 62
49 64
49 79
49 80
49 82
49 83
49 84
49 87
49 94
49 127
49 134
49 152
49 153
49 162
49 168
49 171
49 196
49 199
50 2
50 4
50 6
50 7
50 9
50 10
50 11
50 12
50 14
50 15
50 17
50 22
50 23
50 25
50 27
50 30
50 33
50 35
50 39
50 40
50 41
50 48
50 49
50 51
50 52
50 53
50 54
50 55
50 56
50 57
50 58
50 59
50 60
50 61
50 62
50 64
50 74
50 76
50 80
50 82
50 84
50 85
50 86
50 89
50 92
50 97
50 99
50 103
50 106
50 130
50 133
50 134
50 135
50 143
50 152
50 153
50 159
50 160
50 162
50 165
50 173
51 4
51 6
51 7
51 9
51 10
51 11
51 12
51 14
51 15
51 17
51 22
51 27
51 29
51 33
51 54
51 55
51 57
51 58
51 59
51 60
51 61
51 64
51 73
51 74
51 77
51 78
51 79
51 81
51 82
51 83
51 84
51 86
51 87
51 88
51 89
51 91
51 92
51 93
51 94
51 95
51 99
51 128
51 136
51 143
51 153
51 155
51 164
51 166
51 172
51 181
51 192
52 20
52 21
52 38
52 48
52 67
52 68
52 70
52 100
52 101
52 107
52 109
52 111
52 112
52 113
52 114
52 115
52 117
52 118
52 120
52 121
52 122
52 129
52 149
52 151
52 165
52 178
52 197
53 30
53 39
53 48
53 59
53 80
53 134
53 153
53 162
54 21
54 22
54 29
54 48
54 55
54 58
54 82
54 84
54 142
54 147
54 171
54 172
55 21
55 22
55 29
55 48
55 58
55 84
55 88
55 142
55 147
55 154
55 168
55 172
56 2
56 3
56 4
56 6
56 7
56 9
56 10
56 11
56 12
56 14
56 15
56 17
56 21
56 22
56 23
56 25
56 26
56 27
56 29
56 33
56 35
56 39
56 40
56 41
56 48
56 49
56 51
56 54
56 55
56 57
56 58
56 59
56 60
56 61
56 62
56 64
56 73
56 74
56 75
56 76
56 77
56 78
56 79
56 80
56 81
56 82
56 83
56 84
56 85
56 86
56 87
56 88
56 89
56 90
56 91
56 92
56 93
56 94
56 95
56 96
56 97
56 98
56 99
56 103
56 104
56 105
56 127
56 128
56 133
56 134
56 135
56 136
56 141
56 142
56 143
56 153
56 154
56 155
56 157
56 160
56 164
56 165
56 166
56 171
56 172
56 173
56 174
56 175
56 179
56 180
56 184
56 188
56 192
56 193
57 15
57 22
57 27
57 29
57 39
57 48
57 54
57 58
58 22
58 29
58 48
58 84
58 142
58 147
58 172
59 15
59 21
59 22
59 27
59 29
59 39
59 48
59 54
59 55
59 58
59 64
59 80
59 82
59 83
59 84
59 87
59 88
59 93
59 94
59 98
59 105
59 127
59 134
59 142
59 153
59 154
59 156
59 162
59 165
59 172
59 181
59 184
59 193
59 196
60 3
60 4
60 6
60 10
60 15
60 17
60 21
60 22
60 27
60 29
60 48
60 49
60 54
60 55
60 58
60 59
60 61
60 64
60 74
60 75
60 78
60 79
60 80
60 82
60 83
60 84
60 87
60 88
60 91
60 92
60 93
60 94
60 95
60 98
60 99
60 105
60 127
60 134
60 136
60 137
60 141
60 142
60 143
60 148
60 153
60 156
60 165
60 168
60 169
60 172
60 183
60 184
60 193
61 4
61 6
61 7
61 10
61 15
61 17
61 21
61 22
61 27
61 29
61 48
61 49
61 54
61 55
61 57
61 58
61 59
61 64
61 74
61 75
61 79
61 80
61 81
61 82
61 83
61 84
61 87
61 91
61 92
61 94
61 95
61 98
61 99
61 105
61 127
61 134
61 136
61 142
61 143
61 153
61 154
61 165
61 169
61 172
61 181
61 187
61 196
62 2
62 4
62 6
62 7
62 9
62 10
62 11
62 12
62 15
62 22
62 30
62 35
62 39
62 40
62 41
62 48
62 49
62 54
62 55
62 57
62 58
62 59
62 60
62 61
62 64
62 74
62 76
62 77
62 85
62 86
62 95
62 103
62 106
62 130
62 133
62 136
62 143
62 152
62 153
62 160
62 164
62 165
62 166
62 168
62 172
62 173
63 2
63 4
63 6
63 7
63 9
63 10
63 14
63 15
63 22
63 23
63 25
63 26
63 27
63 33
63 35
63 41
63 51
63 54
63 58
63 60
63 61
63 64
63 73
63 74
63 76
63 77
64 21
64 22
64 29
64 48
64 54
64 55
64 58
64 81
64 82
64 142
64 154
64 171
64 172
65 2
65 6
65 23
65 25
65 39
65 40
65 48
65 49
65 54
65 60
65 86
65 94
65 137
66 52
66 67
66 68
66 69
66 70
67 68
67 70
67 107
67 111
67 112
67 113
67 114
67 115
67 117
67 118
67 120
67 121
67 122
67 129
67 151
67 197
68 70
69 5
69 13
69 16
69 20
69 21
69 34
69 37
69 45
69 46
69 52
69 67
69 68
69 70
69 100
69 101
69 102
69 107
69 108
69 109
69 110
69 111
69 112
69 113
69 114
69 115
69 116
69 117
69 118
69 119
69 120
69 121
69 122
69 123
69 124
69 125
69 126
69 129
69 140
69 144
69 145
69 158
69 165
69 167
69 197
71 6
71 7
71 10
71 11
71 12
71 14
71 21
71 22
71 23
71 25
71 27
71 41
71 48
71 49
71 54
71 55
71 56
71 61
71 77
71 82
71 84
71 94
71 128
71 155
71 164
71 166
71 173
72 4
72 6
72 12
72 17
72 26
72 27
72 33
72 35
72 48
72 60
72 61
72 62
72 73
72 76
72 78
72 79
72 80
72 82
72 84
72 86
72 88
72 89
72 90
72 92
72 93
72 97
72 98
72 99
72 104
72 141
72 142
72 153
72 157
72 168
72 169
72 172
72 184
72 185
73 3
73 4
73 6
73 7
73 9
73 10
73 11
73 12
73 14
73 15
73 17
73 22
73 27
73 49
73 55
73 58
73 59
73 60
73 61
73 64
73 74
73 76
73 77
73 78
73 79
73 80
73 82
73 83
73 84
73 86
73 87
73 88
73 89
73 91
73 92
73 93
73 94
73 98
73 99
73 104
73 136
73 141
73 142
73 143
73 148
73 153
73 155
73 164
73 166
73 168
73 169
73 172
73 184
73 185
73 193
74 7
74 10
74 15
74 17
74 21
74 22
74 27
74 29
74 48
74 49
74 54
74 55
74 58
74 59
74 64
74 75
74 78
74 79
74 80
74 81
74 82
74 83
74 84
74 87
74 88
74 92
74 93
74 94
74 98
74 127
74 134
74 139
74 141
74 142
74 153
74 156
74 165
74 171
74 172
74 176
74 179
74 187
74 188
74 193
75 22
75 58
75 64
75 82
75 84
75 89
75 91
75 92
75 93
75 98
75 99
75 142
75 153
76 3
76 6
76 10
76 15
76 22
76 27
76 48
76 49
76 55
76 58
76 59
76 60
76 61
76 74
76 75
76 77
76 78
76 79
76 80
76 82
76 83
76 84
76 86
76 87
76 88
76 89
76 91
76 92
76 93
76 94
76 95
76 98
76 99
76 106
76 127
76 134
76 136
76 141
76 142
76 143
76 148
76 153
76 154
76 155
76 164
76 165
76 166
76 172
76 184
76 193
77 3
77 4
77 6
77 7
77 10
77 15
77 17
77 21
77 22
77 27
77 29
77 48
77 49
77 54
77 55
77 58
77 59
77 60
77 61
77 64
77 74
77 75
77 78
77 79
77 80
77 81
77 82
77 83
77 84
77 86
77 87
77 88
77 89
77 91
77 92
77 93
77 94
77 95
77 98
77 99
77 105
77 127
77 128
77 131
77 134
77 136
77 141
77 142
77 143
77 148
77 153
77 155
77 164
77 165
77 166
77 168
77 171
77 172
77 180
77 181
77 183
77 184
77 193
77 196
78 22
78 27
78 55
78 58
78 59
78 79
78 80
78 82
78 84
78 87
78 88
78 93
78 94
78 98
78 127
78 141
78 142
78 153
78 172
78 184
78 193
79 3
79 6
79 15
79 21
79 22
79 27
79 54
79 55
79 58
79 59
79 60
79 61
79 64
79 74
79 78
79 80
79 82
79 83
79 84
79 87
79 88
79 89
79 91
79 92
79 93
79 94
79 96
79 98
79 99
79 127
79 134
79 141
79 142
79 153
79 166
79 168
79 172
79 178
79 184
79 193
79 196
80 22
80 30
80 48
80 54
80 55
80 58
80 64
80 82
80 84
80 88
80 142
80 154
80 162
80 172
80 184
80 193
81 22
81 54
81 55
81 58
81 82
81 84
82 21
82 22
82 48
82 55
82 58
82 84
82 88
82 142
82 154
82 168
82 172
82 183
82 184
83 7
83 15
83 22
83 27
83 54
83 55
83 57
83 58
83 64
83 80
83 81
83 84
83 93
83 94
83 134
83 153
83 165
83 172
84 48
84 88
84 142
84 168
84 184
85 2
85 4
85 6
85 7
85 9
85 10
85 11
85 12
85 14
85 15
85 22
85 35
85 40
85 41
85 48
85 49
85 51
85 55
85 58
85 59
85 60
85 61
85 64
85 73
85 74
85 76
85 77
85 78
85 79
85 80
85 82
85 84
85 86
85 87
85 88
85 89
85 90
85 91
85 92
85 93
85 94
85 97
85 98
85 99
85 103
85 127
85 130
85 133
85 134
85 141
85 142
85 153
85 155
85 157
85 164
85 165
85 166
85 172
85 173
85 175
86 4
86 6
86 10
86 15
86 17
86 21
86 22
86 27
86 48
86 49
86 54
86 55
86 58
86 59
86 60
86 61
86 64
86 74
86 78
86 79
86 80
86 81
86 82
86 83
86 84
86 87
86 88
86 89
86 91
86 92
86 93
86 94
86 95
86 98
86 99
86 105
86 127
86 134
86 136
86 137
86 141
86 142
86 143
86 153
86 155
86 156
86 164
86 166
86 171
86 172
86 180
86 181
86 183
86 184
86 185
86 187
86 193
86 196
87 3
87 15
87 21
87 22
87 27
87 48
87 54
87 55
87 58
87 60
87 64
87 74
87 75
87 78
87 79
87 80
87 82
87 83
87 84
87 86
87 88
87 89
87 91
87 92
87 93
87 94
87 95
87 98
87 99
87 127
87 134
87 141
87 142
87 153
87 154
87 172
87 178
87 181
87 188
87 192
87 193
88 184
89 3
89 4
89 6
89 7
89 10
89 15
89 17
89 21
89 22
89 27
89 29
89 48
89 49
89 54
89 55
89 58
89 59
89 60
89 61
89 64
89 74
89 75
89 78
89 79
89 80
89 81
89 82
89 83
89 84
89 87
89 88
89 91
89 92
89 93
89 94
89 95
89 98
89 99
89 105
89 127
89 134
89 136
89 137
89 141
89 142
89 143
89 153
89 155
89 156
89 169
89 171
89 172
89 174
89 179
89 180
89 184
89 193
90 2
90 3
90 4
90 6
90 7
90 9
90 10
90 11
90 12
90 15
90 17
90 22
90 27
90 35
90 41
90 51
90 54
90 55
90 58
90 59
90 60
90 61
90 64
90 73
90 74
90 75
90 76
90 77
90 78
90 79
90 80
90 82
90 84
90 86
90 87
90 88
90 89
90 91
90 92
90 93
90 94
90 95
90 96
90 97
90 98
90 99
90 104
90 127
90 133
90 134
90 136
90 141
90 142
90 143
90 153
90 155
90 157
90 164
90 165
90 166
90 172
90 173
90 178
90 184
90 185
90 193
91 3
91 4
91 6
91 10
91 15
91 21
91 22
91 27
91 49
91 54
91 55
91 58
91 59
91 64
91 74
91 78
91 79
91 80
91 82
91 83
91 84
91 87
91 88
91 92
91 93
91 94
91 95
91 98
91 99
91 134
91 136
91 141
91 142
91 143
91 148
91 153
91 172
91 184
91 193
92 3
92 15
92 22
92 27
92 48
92 49
92 55
92 58
92 59
92 64
92 75
92 78
92 79
92 80
92 82
92 83
92 84
92 87
92 88
92 93
92 94
92 96
92 98
92 105
92 127
92 134
92 141
92 142
92 148
92 153
92 154
92 165
92 168
92 172
92 181
92 184
92 192
92 193
92 196
93 3
93 22
93 48
93 55
93 58
93 75
93 80
93 82
93 84
93 88
93 94
93 98
93 127
93 142
93 153
93 168
93 172
93 184
93 193
94 3
94 15
94 21
94 22
94 48
94 54
94 55
94 58
94 64
94 80
94 81
94 82
94 84
94 88
94 98
94 127
94 142
94 153
94 171
94 172
94 183
94 193
95 3
95 4
95 6
95 10
95 15
95 17
95 21
95 22
95 27
95 29
95 39
95 48
95 49
95 54
95 55
95 58
95 59
95 64
95 74
95 78
95 79
95 80
95 82
95 84
95 87
95 88
95 92
95 93
95 94
95 98
95 105
95 153
95 154
95 165
95 193
96 82
96 84
96 88
96 93
96 98
97 2
97 3
97 4
97 6
97 7
97 9
97 10
97 11
97 12
97 14
97 15
97 17
97 21
97 22
97 27
97 41
97 48
97 49
97 51
97 54
97 55
97 58
97 59
97 60
97 61
97 64
97 73
97 74
97 75
97 76
97 77
97 78
97 79
97 80
97 82
97 83
97 84
97 86
97 87
97 88
97 89
97 91
97 92
97 93
97 94
97 95
97 98
97 99
97 104
97 105
97 127
97 128
97 134
97 135
97 136
97 137
97 141
97 142
97 143
97 153
97 155
97 157
97 164
97 166
97 168
97 169
97 171
97 172
97 173
97 174
97 178
97 179
97 183
97 184
97 185
97 193
97 196
98 15
98 22
98 54
98 55
98 64
98 80
98 82
98 84
98 88
98 142
98 153
98 168
98 172
98 184
98 193
99 3
99 4
99 6
99 10
99 15
99 17
99 22
99 27
99 48
99 49
99 54
99 55
99 58
99 59
99 64
99 74
99 75
99 78
99 79
99 80
99 82
99 83
99 84
99 87
99 88
99 92
99 93
99 94
99 95
99 96
99 98
99 127
99 134
99 136
99 141
99 142
99 153
99 168
99 169
99 172
99 178
99 184
99 185
99 193
100 5
100 13
100 20
100 21
100 24
100 31
100 34
100 37
100 45
100 46
100 52
100 69
100 101
100 102
100 108
100 125
100 126
100 140
100 144
100 158
100 165
100 167
100 178
101 20
101 21
101 28
101 38
101 100
101 113
101 149
101 165
101 178
102 5
102 8
102 13
102 16
102 20
102 21
102 28
102 31
102 38
102 45
102 46
102 52
102 100
102 101
102 105
102 108
102 144
102 149
102 150
102 158
102 165
102 178
103 4
103 6
103 7
103 9
103 10
103 14
103 15
103 17
103 22
103 39
103 48
103 49
103 55
103 58
103 59
103 62
103 74
103 77
103 80
103 86
103 95
103 106
103 130
103 143
103 163
103 164
103 165
103 175
104 6
104 10
104 11
104 12
104 15
104 17
104 22
104 29
104 48
104 54
104 55
104 59
104 60
104 61
104 76
104 77
104 78
104 79
104 80
104 82
104 84
104 86
104 87
104 88
104 89
104 92
104 93
104 99
104 141
104 153
104 164
104 184
104 185
105 15
105 22
105 27
105 54
105 55
105 58
105 64
105 82
105 84
105 88
105 94
105 98
105 153
106 22
106 30
106 39
106 48
106 49
106 54
106 62
106 95
106 143
106 152
106 153
106 160
106 163
106 196
106 199
107 68
107 70
107 117
108 5
108 21
108 52
108 67
108 68
108 70
108 100
108 101
108 107
108 109
108 111
108 112
108 113
108 114
108 115
108 117
108 120
108 121
108 122
108 144
108 158
108 165
109 67
109 68
109 70
109 107
109 111
109 112
109 113
109 114
109 115
109 117
109 118
109 120
109 121
109 122
109 129
109 151
110 52
110 67
110 70
110 107
110 108
110 109
110 111
110 112
110 114
111 70
111 107
111 112
111 113
111 117
111 120
111 121
111 122
112 68
112 70
112 107
112 113
112 114
112 115
112 117
112 121
112 122
113 68
113 70
113 107
113 114
113 115
113 117
113 120
113 121
113 122
113 129
113 165
114 68
114 70
114 107
114 115
114 117
114 121
114 129
115 68
115 70
115 117
115 121
115 129
116 52
116 67
116 68
116 70
116 107
116 108
116 109
116 110
116 111
116 112
116 113
116 114
116 115
116 117
116 118
116 120
116 121
116 122
116 129
117 68
117 70
118 107
118 111
118 112
118 113
118 117
118 120
118 121
118 151
119 52
119 67
119 68
119 70
119 107
119 108
119 109
119 110
119 111
119 112
119 113
119 114
119 115
119 116
119 117
119 118
119 120
119 121
119 122
119 123
119 124
120 107
120 117
120 122
121 68
121 70
121 117
121 122
122 68
122 70
122 117
123 52
123 67
123 68
123 70
123 107
123 108
123 109
123 110
123 111
123 112
123 113
123 114
123 115
123 116
123 117
123 118
123 120
123 121
123 122
123 124
124 52
124 67
124 68
124 70
124 107
124 108
124 109
124 110
124 111
124 112
124 113
124 114
124 115
124 116
124 117
124 118
124 120
124 121
124 122
125 5
125 8
125 13
125 16
125 20
125 21
125 28
125 32
125 37
125 44
125 45
125 46
125 52
125 101
125 102
125 108
125 126
125 144
125 158
125 165
125 178
126 5
126 13
126 16
126 20
126 21
126 37
126 45
126 46
126 52
126 68
126 100
126 101
126 102
126 108
126 144
126 150
126 158
126 165
126 178
127 15
127 21
127 22
127 29
127 48
127 54
127 55
127 58
127 64
127 80
127 82
127 84
127 98
127 142
127 153
127 172
128 4
128 6
128 7
128 10
128 15
128 17
128 21
128 22
128 27
128 48
128 49
128 54
128 55
128 58
128 59
128 61
128 64
128 74
128 81
128 83
128 86
128 87
128 89
128 94
128 95
128 99
128 127
128 136
128 142
128 155
128 164
128 166
129 70
129 117
129 121
129 122
130 30
130 39
130 48
130 49
130 53
130 58
130 80
130 106
130 134
130 143
130 152
130 153
130 162
130 163
130 191
130 196
130 199
130 202
131 4
131 5
131 6
131 20
131 28
131 32
131 36
131 44
131 64
131 166
132 1
132 2
132 3
132 6
132 7
132 9
132 10
132 11
132 12
132 14
132 15
132 22
132 23
132 25
132 26
132 27
132 35
132 39
132 40
132 41
132 48
132 49
132 54
132 55
132 56
132 58
132 59
132 60
132 61
132 64
132 72
132 73
132 74
132 76
132 77
132 78
132 79
132 80
132 82
132 83
132 84
132 85
132 86
132 87
132 88
132 89
132 90
132 91
132 92
132 93
132 94
132 95
132 97
132 98
132 99
132 104
132 105
132 127
132 133
132 134
132 136
132 141
132 142
132 143
132 148
132 153
132 154
132 155
132 156
132 157
132 164
132 166
132 170
132 171
132 172
132 173
132 174
132 184
132 192
132 193
133 2
133 3
133 4
133 6
133 7
133 9
133 10
133 11
133 12
133 14
133 15
133 17
133 21
133 22
133 27
133 29
133 35
133 40
133 41
133 48
133 49
133 51
133 54
133 55
133 58
133 59
133 60
133 61
133 64
133 73
133 74
133 76
133 77
133 78
133 79
133 80
133 82
133 83
133 84
133 86
133 87
133 88
133 89
133 91
133 92
133 93
133 94
133 95
133 97
133 98
133 99
133 103
133 104
133 105
133 127
133 128
133 134
133 136
133 141
133 142
133 143
133 153
133 155
133 157
133 164
133 165
133 166
133 168
133 169
133 172
133 173
133 175
133 179
133 183
133 196
134 15
134 22
134 30
134 48
134 55
134 80
134 82
134 84
134 88
134 93
134 94
134 98
134 142
134 153
134 162
134 168
134 172
135 6
135 7
135 9
135 10
135 11
135 12
135 14
135 15
135 22
135 48
135 49
135 54
135 58
135 60
135 64
135 74
135 84
135 86
135 89
135 93
135 94
135 106
135 130
135 153
135 156
135 164
135 166
135 196
135 199
136 3
136 4
136 6
136 7
136 10
136 15
136 17
136 22
136 27
136 48
136 49
136 54
136 55
136 58
136 59
136 64
136 74
136 79
136 80
136 82
136 83
136 84
136 87
136 88
136 92
136 93
136 94
136 98
136 127
136 134
136 141
136 142
136 153
136 165
136 172
137 6
137 10
137 15
137 22
137 48
137 49
137 54
137 55
137 58
137 64
137 74
137 83
137 87
137 94
138 5
138 13
138 20
138 32
139 5
139 7
139 10
139 15
139 16
139 19
139 20
139 22
139 23
139 25
139 28
139 31
139 32
139 34
139 37
139 41
139 43
139 44
139 46
139 58
139 60
139 61
139 77
139 140
139 153
139 164
139 165
139 166
140 5
140 13
140 16
140 20
140 21
140 34
140 37
140 38
140 45
140 46
140 52
140 100
140 101
140 102
140 108
140 125
140 126
140 144
140 145
140 149
140 158
140 165
140 178
141 3
141 15
141 22
141 27
141 55
141 58
141 59
141 80
141 82
141 84
141 87
141 88
141 93
141 94
141 98
141 127
141 134
141 142
141 153
141 172
141 184
141 192
141 193
142 88
142 168
142 184
143 3
143 4
143 6
143 10
143 15
143 17
143 22
143 27
143 30
143 48
143 49
143 53
143 58
143 59
143 64
143 74
143 75
143 78
143 79
143 80
143 81
143 82
143 84
143 87
143 88
143 92
143 93
143 94
143 95
143 98
143 99
143 134
143 136
143 141
143 142
143 148
143 152
143 153
143 154
143 162
143 172
143 193
144 5
144 20
144 21
144 38
144 52
144 100
144 101
144 149
144 165
145 5
145 13
145 20
145 21
145 28
145 37
145 45
145 46
145 52
145 100
145 101
145 102
145 108
145 126
145 144
145 158
145 165
145 178
146 22
146 55
146 58
148 80
148 82
148 84
148 93
148 153
148 193
149 20
149 165
150 5
150 13
150 16
150 20
150 21
150 32
150 44
150 101
150 158
150 178
152 30
152 48
152 53
152 54
152 58
152 59
152 80
152 134
152 160
152 162
153 21
153 22
153 29
153 48
153 54
153 55
153 58
153 64
153 80
153 82
153 84
153 88
153 142
153 154
153 162
153 168
153 172
153 184
153 193
154 22
154 84
154 142
155 3
155 4
155 6
155 10
155 15
155 17
155 21
155 22
155 27
155 54
155 55
155 58
155 59
155 60
155 61
155 64
155 74
155 78
155 79
155 80
155 82
155 84
155 87
155 88
155 91
155 92
155 93
155 94
155 95
155 98
155 99
155 127
155 134
155 136
155 141
155 142
155 143
155 153
155 154
155 172
155 193
155 196
156 22
156 39
156 48
156 54
156 58
156 64
156 153
157 2
157 3
157 4
157 6
157 7
157 9
157 10
157 11
157 12
157 15
157 17
157 22
157 27
157 49
157 51
157 55
157 58
157 59
157 60
157 61
157 64
157 73
157 74
157 76
157 77
157 78
157 79
157 80
157 82
157 83
157 84
157 86
157 87
157 88
157 89
157 91
157 92
157 93
157 95
157 98
157 99
157 104
157 127
157 134
157 136
157 141
157 142
157 143
157 153
157 155
157 164
157 166
157 172
157 178
157 181
157 184
157 185
157 193
158 5
158 20
158 21
158 28
158 31
158 43
158 44
158 52
158 100
158 101
158 144
158 165
158 178
158 187
158 190
159 48
159 49
159 54
159 62
159 106
160 12
160 49
160 76
160 82
160 84
160 92
160 97
160 99
161 48
161 49
161 54
161 59
161 162
161 163
162 48
162 49
162 54
162 59
162 163
163 48
163 49
163 54
163 59
164 3
164 4
164 6
164 10
164 15
164 17
164 20
164 21
164 22
164 27
164 29
164 32
164 43
164 44
164 48
164 49
164 54
164 55
164 58
164 59
164 60
164 61
164 64
164 74
164 75
164 78
164 79
164 80
164 81
164 82
164 83
164 84
164 87
164 88
164 89
164 91
164 92
164 93
164 94
164 95
164 98
164 99
164 127
164 134
164 136
164 137
164 141
164 142
164 143
164 153
164 155
164 156
164 158
164 165
164 166
164 168
164 172
164 176
164 192
164 193
164 196
165 4
165 5
165 6
165 13
165 15
165 16
165 20
165 21
165 22
165 38
165 45
165 48
165 49
165 52
165 54
165 55
165 58
165 64
165 70
165 74
165 86
165 100
165 101
165 105
165 108
165 130
165 134
165 142
165 144
165 150
165 153
165 158
165 166
166 3
166 4
166 6
166 10
166 15
166 17
166 21
166 22
166 27
166 29
166 48
166 49
166 54
166 55
166 58
166 59
166 60
166 61
166 64
166 74
166 75
166 78
166 79
166 80
166 81
166 82
166 83
166 84
166 87
166 88
166 89
166 91
166 92
166 93
166 94
166 95
166 99
166 105
166 127
166 134
166 136
166 137
166 141
166 142
166 143
166 153
166 154
166 155
166 165
166 168
166 172
166 176
166 180
166 183
166 187
166 192
166 193
167 5
167 13
167 16
167 20
167 21
167 31
167 34
167 37
167 45
167 46
167 52
167 100
167 101
167 102
167 108
167 125
167 126
167 140
167 144
167 145
167 149
167 158
167 165
167 178
169 15
169 20
169 21
169 22
169 58
169 64
169 79
169 82
169 84
169 93
169 98
169 153
169 168
169 184
170 26
170 76
170 78
170 79
170 82
170 84
170 87
170 88
170 89
170 90
170 92
170 93
170 99
170 153
170 157
171 55
171 58
172 22
172 48
172 84
172 88
172 142
172 184
173 2
173 3
173 4
173 6
173 7
173 9
173 10
173 11
173 12
173 14
173 15
173 17
173 21
173 22
173 27
173 48
173 49
173 51
173 54
173 55
173 58
173 59
173 60
173 61
173 64
173 73
173 74
173 75
173 76
173 77
173 78
173 79
173 80
173 81
173 82
173 83
173 84
173 86
173 87
173 88
173 89
173 91
173 92
173 93
173 94
173 95
173 98
173 99
173 103
173 127
173 128
173 134
173 136
173 141
173 142
173 153
173 155
173 157
173 164
173 166
173 172
173 175
174 6
174 15
174 49
174 55
175 4
175 6
175 15
175 22
175 55
175 86
175 87
175 164
175 166
176 15
176 54
176 55
176 58
176 64
177 48
177 49
178 5
178 13
178 16
178 20
178 21
178 22
178 28
178 32
178 43
178 44
178 45
178 82
178 84
178 88
178 98
178 101
178 105
178 144
178 149
178 158
178 165
179 55
179 58
179 64
179 153
180 54
181 15
181 55
181 58
181 82
181 153
182 9
182 21
182 25
182 60
182 77
182 82
182 86
182 94
182 97
182 133
182 166
182 183
184 168
185 78
185 79
185 80
185 84
185 88
185 92
185 93
185 141
185 184
186 52
186 67
186 69
186 108
186 109
187 20
187 58
187 64
189 2
189 21
189 40
189 41
189 74
189 86
189 166
190 20
191 48
192 84
192 88
193 22
193 58
193 82
193 84
193 88
193 142
193 172
194 16
194 19
194 20
194 21
194 32
194 34
194 37
194 46
194 158
194 178
195 52
195 67
195 108
195 109
195 115
195 129
195 186
196 15
196 22
196 48
196 54
196 55
196 64
196 93
196 98
196 199
198 2
198 4
198 10
198 54
198 55
198 59
198 61
198 77
202 48
